"","% change","variation","adjusted","ticker"
"1",0,-0.0899999999999999,25.31,"CFN"
"2",0.750691426313715,0.420000000000002,25.5,"CFN"
"3",0.196078431372552,0.0199999999999996,25.55,"CFN"
"4",-0.0782778864970629,-0.259999999999998,25.53,"CFN"
"5",-0.156678417547993,-0.0100000000000016,25.49,"CFN"
"6",-0.745390349156523,-0.349999999999998,25.3,"CFN"
"7",-2.4505928853755,-0.670000000000002,24.68,"CFN"
"8",-0.526742301458667,-0.289999999999999,24.55,"CFN"
"9",-2.36252545824848,-0.620000000000001,23.97,"CFN"
"10",-0.500625782227774,-0.109999999999999,23.85,"CFN"
"11",-1.17400419287212,-0.0700000000000003,23.57,"CFN"
"12",-0.975816716164618,-0.219999999999999,23.34,"CFN"
"13",1.2853470437018,0.280000000000001,23.64,"CFN"
"14",-3.34179357021996,-0.5,22.85,"CFN"
"15",-0.656455142231957,-0.0800000000000018,22.7,"CFN"
"16",-1.27753303964757,-0.239999999999998,22.41,"CFN"
"17",0.0446229361892082,0.0300000000000011,22.42,"CFN"
"18",1.33809099018732,0.119999999999997,22.72,"CFN"
"19",0.176056338028181,-0.119999999999997,22.76,"CFN"
"20",-0.0439367311072125,-0.0700000000000003,22.75,"CFN"
"21",-0.615384615384618,-0.140000000000001,22.61,"CFN"
"22",-0.574966828836794,-0.0500000000000007,22.48,"CFN"
"23",1.69039145907473,0.289999999999999,22.86,"CFN"
"24",-1.31233595800525,-0.170000000000002,22.56,"CFN"
"25",-0.620567375886512,-0.0799999999999983,22.42,"CFN"
"26",-3.88046387154327,-0.710000000000001,21.55,"CFN"
"27",1.29930394431553,0.239999999999998,21.83,"CFN"
"28",-0.778744846541448,-0.0100000000000016,21.66,"CFN"
"29",-4.52446906740536,-1,20.68,"CFN"
"30",2.4661508704062,0.300000000000001,21.19,"CFN"
"31",1.7461066540821,0.469999999999999,21.56,"CFN"
"32",1.34508348794064,0.370000000000001,21.85,"CFN"
"33",-1.51029748283754,-0.400000000000002,21.52,"CFN"
"34",-0.97583643122677,-0.140000000000001,21.31,"CFN"
"35",-0.98545283904269,-0.27,21.1,"CFN"
"36",-0.142180094786735,0.129999999999999,21.07,"CFN"
"37",1.70859041290935,0.0799999999999983,21.43,"CFN"
"38",-1.35324311712552,-0.34,21.14,"CFN"
"39",1.46641438032166,0.279999999999998,21.45,"CFN"
"40",0.186480186480183,0.169999999999998,21.49,"CFN"
"41",0,0.169999999999998,21.49,"CFN"
"42",1.07026523964635,0.0899999999999999,21.72,"CFN"
"43",-1.47329650092081,-0.18,21.4,"CFN"
"44",8.69158878504674,0.520000000000003,23.26,"CFN"
"45",-2.19260533104042,-0.260000000000002,22.75,"CFN"
"46",0.439560439560446,0.210000000000001,22.85,"CFN"
"47",-1.13785557986872,-0.140000000000001,22.59,"CFN"
"48",-0.265604249667989,-0.259999999999998,22.53,"CFN"
"49",-0.22192632046161,-0.0599999999999987,22.48,"CFN"
"50",-2.13523131672598,-0.370000000000001,22,"CFN"
"51",3.68181818181818,0.959999999999997,22.81,"CFN"
"52",0.701446733888646,0.16,22.97,"CFN"
"53",-3.04745319982586,-0.400000000000002,22.27,"CFN"
"54",1.3920071845532,0.379999999999999,22.58,"CFN"
"55",-0.442869796279884,-0.16,22.48,"CFN"
"56",1.11209964412811,0.129999999999999,22.73,"CFN"
"57",-2.77166739991201,-0.549999999999997,22.1,"CFN"
"58",-2.3529411764706,-0.41,21.58,"CFN"
"59",2.78035217794255,0.399999999999999,22.18,"CFN"
"60",-0.0450856627592336,0,22.17,"CFN"
"61",1.71402796571944,0.150000000000002,22.55,"CFN"
"62",-0.443458980044352,-0.100000000000001,22.45,"CFN"
"63",0.890868596881957,0.169999999999998,22.65,"CFN"
"64",1.8543046357616,0.170000000000002,23.07,"CFN"
"65",1.04031209362808,0.369999999999997,23.31,"CFN"
"66",0,-0.0199999999999996,23.31,"CFN"
"67",2.96010296010297,0.670000000000002,24,"CFN"
"68",2.04166666666666,0.579999999999998,24.49,"CFN"
"69",-1.3474887709269,-0.0399999999999991,24.16,"CFN"
"70",0.248344370860922,0,24.22,"CFN"
"71",1.8166804293972,0.440000000000001,24.66,"CFN"
"72",-1.86536901865369,-0.34,24.2,"CFN"
"73",0,0.0399999999999991,24.2,"CFN"
"74",1.19834710743801,0.379999999999999,24.49,"CFN"
"75",1.878317680686,0.259999999999998,24.95,"CFN"
"76",-1.04208416833667,-0.449999999999999,24.69,"CFN"
"77",1.25556905629809,0.199999999999999,25,"CFN"
"78",0.640000000000001,0.16,25.16,"CFN"
"79",-1.27186009538951,-0.32,24.84,"CFN"
"80",-0.322061191626402,-0.209999999999997,24.76,"CFN"
"81",-1.37318255250404,-0.219999999999999,24.42,"CFN"
"82",1.76085176085176,0.300000000000001,24.85,"CFN"
"83",-0.563380281690143,-0.0999999999999979,24.71,"CFN"
"84",-0.930797248077703,-0.239999999999998,24.48,"CFN"
"85",0.0408496732026062,-0.0700000000000003,24.49,"CFN"
"86",0.694160881992657,0.109999999999999,24.66,"CFN"
"87",0.202757502027578,0.109999999999999,24.71,"CFN"
"88",1.01173613921489,0.190000000000001,24.96,"CFN"
"89",-0.841346153846157,-0.219999999999999,24.75,"CFN"
"90",-0.484848484848489,-0.260000000000002,24.63,"CFN"
"91",1.01502233049127,0.219999999999999,24.88,"CFN"
"92",-1.92926045016077,-0.220000000000002,24.4,"CFN"
"93",1.84426229508198,0.140000000000001,24.85,"CFN"
"94",-0.0402414486921592,-0.120000000000001,24.84,"CFN"
"95",-0.563607085346218,-0.150000000000002,24.7,"CFN"
"96",-0.0809716599190266,-0.149999999999999,24.68,"CFN"
"97",-1.21555915721232,-0.25,24.38,"CFN"
"98",-0.0410172272354307,0.0400000000000027,24.37,"CFN"
"99",-0.0410340582683692,-0.129999999999999,24.36,"CFN"
"100",-0.903119868637105,-0.149999999999999,24.14,"CFN"
"101",1.07705053852526,0.16,24.4,"CFN"
"102",-5.61475409836065,-0.75,23.03,"CFN"
"103",3.25662179765523,0.650000000000002,23.78,"CFN"
"104",1.51387720773759,0.289999999999999,24.14,"CFN"
"105",-0.124275062137536,0,24.11,"CFN"
"106",-2.8618830360846,-0.539999999999999,23.42,"CFN"
"107",-1.02476515798464,-0.23,23.18,"CFN"
"108",-0.301984469370148,-0.0399999999999991,23.11,"CFN"
"109",1.08178277801817,0.419999999999998,23.36,"CFN"
"110",-1.07020547945205,-0.120000000000001,23.11,"CFN"
"111",1.64430982258762,0.239999999999998,23.49,"CFN"
"112",-1.36228182205192,-0.199999999999999,23.17,"CFN"
"113",1.25161847216228,0.330000000000002,23.46,"CFN"
"114",2.08866155157715,0.399999999999999,23.95,"CFN"
"115",-1.87891440501044,-0.34,23.5,"CFN"
"116",-0.297872340425533,0.0300000000000011,23.43,"CFN"
"117",-1.49381135296629,-0.110000000000003,23.08,"CFN"
"118",0.909878682842291,0.149999999999999,23.29,"CFN"
"119",-0.0429368827823015,0.210000000000001,23.28,"CFN"
"120",-1.20274914089348,-0.219999999999999,23,"CFN"
"121",-0.565217391304343,0.0899999999999999,22.87,"CFN"
"122",3.06077831219938,0.5,23.57,"CFN"
"123",-3.47899872719559,-0.789999999999999,22.75,"CFN"
"124",1.0989010989011,0.34,23,"CFN"
"125",1.47826086956522,0.149999999999999,23.34,"CFN"
"126",0.385604113110539,0,23.43,"CFN"
"127",1.23772940674349,0.329999999999998,23.72,"CFN"
"128",-0.0421585160202277,-0.119999999999997,23.71,"CFN"
"129",2.02446225221426,0.390000000000001,24.19,"CFN"
"130",0,-0.129999999999999,24.19,"CFN"
"131",1.15750310045472,0.739999999999998,24.47,"CFN"
"132",-0.245198201879848,-0.0599999999999987,24.41,"CFN"
"133",-0.368701351904956,-0.140000000000001,24.32,"CFN"
"134",2.2203947368421,0.559999999999999,24.86,"CFN"
"135",0.0402252614642058,-0.0899999999999999,24.87,"CFN"
"136",1.36710896662646,0.32,25.21,"CFN"
"137",-0.158667195557315,0.0500000000000007,25.17,"CFN"
"138",0.198649185538328,0.119999999999997,25.22,"CFN"
"139",0.674068199841403,0.23,25.39,"CFN"
"140",2.32374950768019,0.620000000000001,25.98,"CFN"
"141",-1.270207852194,-0.32,25.65,"CFN"
"142",1.364522417154,0.370000000000001,26,"CFN"
"143",-1.15384615384616,-0.300000000000001,25.7,"CFN"
"144",-1.24513618677043,-0.420000000000002,25.38,"CFN"
"145",0.39401103230891,-0.0999999999999979,25.48,"CFN"
"146",-0.274725274725276,0.0300000000000011,25.41,"CFN"
"147",0,0.0100000000000016,25.41,"CFN"
"148",-0.393545848091308,-0.0700000000000003,25.31,"CFN"
"149",-0.355590675622283,0.0299999999999976,25.22,"CFN"
"150",1.74464710547185,0.34,25.66,"CFN"
"151",1.01325019485581,0.220000000000002,25.92,"CFN"
"152",2.19907407407406,0.639999999999997,26.49,"CFN"
"153",1.32125330313326,0.440000000000001,26.84,"CFN"
"154",-2.34724292101341,-0.5,26.21,"CFN"
"155",-0.686760778328881,-0.119999999999997,26.03,"CFN"
"156",-0.461006530925859,-0.0300000000000011,25.91,"CFN"
"157",0.57892705519104,-0.0300000000000011,26.06,"CFN"
"158",1.38142747505757,0.41,26.42,"CFN"
"159",-0.832702498107503,-0.129999999999999,26.2,"CFN"
"160",-0.114503816793884,-0.0399999999999991,26.17,"CFN"
"161",-1.52846771111961,-0.370000000000001,25.77,"CFN"
"162",-2.13426464881646,-0.655000000000001,25.22,"CFN"
"163",2.02220459952419,0.449999999999999,25.73,"CFN"
"164",2.2541780023319,0.299999999999997,26.31,"CFN"
"165",-0.532117065754455,0.0100000000000016,26.17,"CFN"
"166",1.98700802445548,0.610000000000003,26.69,"CFN"
"167",2.77257399775196,0.829999999999998,27.43,"CFN"
"168",2.0780167699599,0.52,28,"CFN"
"169",-1.07142857142857,-0.25,27.7,"CFN"
"170",-1.62454873646209,-0.289999999999999,27.25,"CFN"
"171",0.330275229357798,0.129999999999999,27.34,"CFN"
"172",1.64594001463058,0.579999999999998,27.79,"CFN"
"173",-0.755667506297232,-0.210000000000001,27.58,"CFN"
"174",0.942712110224806,0.260000000000002,27.84,"CFN"
"175",0.862068965517236,0.239999999999998,28.08,"CFN"
"176",-0.284900284900279,0.0199999999999996,28,"CFN"
"177",0.14285714285714,0.0599999999999987,28.04,"CFN"
"178",-2.35378031383738,-0.420000000000002,27.38,"CFN"
"179",-1.05916727538349,-0.300000000000001,27.09,"CFN"
"180",-0.332225913621262,-0.120000000000001,27,"CFN"
"181",1.44444444444445,0.27,27.39,"CFN"
"182",-0.255567725447245,-0.100000000000001,27.32,"CFN"
"183",-0.841874084919474,-0.300000000000001,27.09,"CFN"
"184",0.812107788851971,0.289999999999999,27.31,"CFN"
"185",3.00256316367631,0.52,28.13,"CFN"
"186",-0.746533949520076,-0.239999999999998,27.92,"CFN"
"187",-1.50429799426935,-0.469999999999999,27.5,"CFN"
"188",2,0.5,28.05,"CFN"
"189",-0.213903743315516,0.129999999999999,27.99,"CFN"
"190",-1.89353340478742,-0.259999999999998,27.46,"CFN"
"191",1.52949745083758,0.439999999999998,27.88,"CFN"
"192",-2.76183644189383,-0.490000000000002,27.11,"CFN"
"193",0.0737735153080029,0.699999999999999,27.13,"CFN"
"194",-1.17950608182824,-0.240000000000002,26.81,"CFN"
"195",0.820589332338689,-0.0999999999999979,27.03,"CFN"
"196",0.0739918608952999,-0.239999999999998,27.05,"CFN"
"197",1.58964879852126,0.18,27.48,"CFN"
"198",-0.764192139737994,-0.25,27.27,"CFN"
"199",-0.476714338100473,-0.0300000000000011,27.14,"CFN"
"200",0.478997789240969,0,27.27,"CFN"
"201",2.23689035570223,0.59,27.88,"CFN"
"202",0.394548063127688,0.109999999999999,27.99,"CFN"
"203",0.321543408360128,0.159999999999997,28.08,"CFN"
"204",1.53133903133904,0.280000000000001,28.51,"CFN"
"205",-1.08733777621888,-0.199999999999999,28.2,"CFN"
"206",0.035460992907807,-0.279999999999998,28.21,"CFN"
"207",-0.886210563629918,-0.32,27.96,"CFN"
"208",0.0357653791130115,0.109999999999999,27.97,"CFN"
"209",-0.178762960314613,-0.0999999999999979,27.92,"CFN"
"210",0.752148997134661,0.300000000000001,28.13,"CFN"
"211",-1.03092783505154,-0.350000000000001,27.84,"CFN"
"212",-0.862068965517236,0.330000000000002,27.6,"CFN"
"213",-0.688405797101454,-0.0199999999999996,27.41,"CFN"
"214",3.39292229113462,-0.289999999999999,28.34,"CFN"
"215",2.96400846859562,0.940000000000001,29.18,"CFN"
"216",0.411240575736809,-0.0199999999999996,29.3,"CFN"
"217",-1.56996587030717,-0.149999999999999,28.84,"CFN"
"218",1.42163661581137,0.379999999999999,29.25,"CFN"
"219",-0.136752136752134,-0.359999999999999,29.21,"CFN"
"220",0.718931872646357,0.0400000000000027,29.42,"CFN"
"221",-0.917743031951064,-0.120000000000001,29.15,"CFN"
"222",0.926243567753013,0.100000000000001,29.42,"CFN"
"223",0.271923861318825,0.0399999999999991,29.5,"CFN"
"224",-0.813559322033893,-0.149999999999999,29.26,"CFN"
"225",0.375939849624058,0.16,29.37,"CFN"
"226",0.476676881171265,-0.00999999999999801,29.51,"CFN"
"227",0.169434090138926,0.0599999999999987,29.56,"CFN"
"228",-1.11637347767252,-0.289999999999999,29.23,"CFN"
"229",-1.06055422511118,-0.319999999999997,28.92,"CFN"
"230",0.968188105117557,0.129999999999999,29.2,"CFN"
"231",-0.513698630136981,-0.0799999999999983,29.05,"CFN"
"232",1.34251290877797,0.290000000000003,29.44,"CFN"
"233",1.29076086956521,0.379999999999999,29.82,"CFN"
"234",0.23474178403756,0.129999999999999,29.89,"CFN"
"235",-0.234192037470727,-0.129999999999999,29.82,"CFN"
"236",-1.57612340710932,-0.369999999999997,29.35,"CFN"
"237",-0.783645655877344,-0.18,29.12,"CFN"
"238",0.0686813186813172,-0.0199999999999996,29.14,"CFN"
"239",-0.0686341798215497,-0.18,29.12,"CFN"
"240",-0.961538461538465,-0.239999999999998,28.84,"CFN"
"241",-0.658807212205275,0.109999999999999,28.65,"CFN"
"242",1.43106457242583,0.389999999999997,29.06,"CFN"
"243",-0.0344115622849209,0.129999999999999,29.05,"CFN"
"244",-0.481927710843375,0.0399999999999991,28.91,"CFN"
"245",-0.726392251815984,-0.260000000000002,28.7,"CFN"
"246",0.975609756097565,-0.0700000000000003,28.98,"CFN"
"247",-3.00207039337474,-0.800000000000001,28.11,"CFN"
"248",-1.31625755958734,-0.390000000000001,27.74,"CFN"
"249",-0.432588320115348,0.170000000000002,27.62,"CFN"
"250",-0.760318609703117,-0.16,27.41,"CFN"
"251",1.02152499087925,0.0500000000000007,27.69,"CFN"
"252",-0.28891296496931,0.0500000000000007,27.61,"CFN"
"253",1.81093806591815,0.449999999999999,28.11,"CFN"
"254",-1.6008537886873,-0.300000000000001,27.66,"CFN"
"255",-0.686912509038327,-0.280000000000001,27.47,"CFN"
"256",-0.0364033491081107,-0.189999999999998,27.46,"CFN"
"257",-1.93008011653314,-0.449999999999999,26.93,"CFN"
"258",-0.111399925733387,-0.0500000000000007,26.9,"CFN"
"259",-0.89219330855018,-0.329999999999998,26.66,"CFN"
"260",0.562640660165036,0.16,26.81,"CFN"
"261",1.86497575531518,0.369999999999997,27.31,"CFN"
"262",-0.476016111314533,0,27.18,"CFN"
"263",0.073583517292125,0.359999999999999,27.2,"CFN"
"264",-2.94117647058824,-0.760000000000002,26.4,"CFN"
"265",1.43939393939395,0.460000000000001,26.78,"CFN"
"266",1.26960418222554,0.300000000000001,27.12,"CFN"
"267",-1.29056047197641,-0.420000000000002,26.77,"CFN"
"268",1.49420993649609,0.290000000000003,27.17,"CFN"
"269",1.84026499815973,0.550000000000001,27.67,"CFN"
"270",0.325262016624503,0.100000000000001,27.76,"CFN"
"271",0.432276657060509,0.119999999999997,27.88,"CFN"
"272",0.860832137733149,0.0700000000000003,28.12,"CFN"
"273",-0.0711237553342801,0.300000000000001,28.1,"CFN"
"274",-1.56583629893239,-0.0899999999999999,27.66,"CFN"
"275",0.10845986984816,-0.0599999999999987,27.69,"CFN"
"276",0.180570603105804,-0.140000000000001,27.74,"CFN"
"277",-0.865176640230708,-0.25,27.5,"CFN"
"278",0.399999999999998,-0.0100000000000016,27.61,"CFN"
"279",-1.19521912350597,-0.209999999999997,27.28,"CFN"
"280",1.64956011730205,0.27,27.73,"CFN"
"281",-0.468806346916693,-0.129999999999999,27.6,"CFN"
"282",1.95652173913043,0.359999999999999,28.14,"CFN"
"283",-0.85287846481877,-0.170000000000002,27.9,"CFN"
"284",-1.61290322580645,-0.16,27.45,"CFN"
"285",-1.12932604735883,-0.280000000000001,27.14,"CFN"
"286",-1.65806927044952,-0.399999999999999,26.69,"CFN"
"287",-0.749344323716759,-0.170000000000002,26.49,"CFN"
"288",-0.377500943752351,0.120000000000001,26.39,"CFN"
"289",-3.41038272072756,-1.09,25.49,"CFN"
"290",-3.68772067477441,-0.82,24.55,"CFN"
"291",1.87372708757638,0.490000000000002,25.01,"CFN"
"292",-3.83846461415434,-0.66,24.05,"CFN"
"293",-0.124740124740129,-0.32,24.02,"CFN"
"294",-7.32722731057451,-1.25,22.26,"CFN"
"295",9.97304582210242,2.18,24.48,"CFN"
"296",-5.75980392156863,-0.949999999999999,23.07,"CFN"
"297",7.32553099263113,1.62,24.76,"CFN"
"298",3.35218093699515,0.649999999999999,25.59,"CFN"
"299",-0.117233294255573,-0.190000000000001,25.56,"CFN"
"300",0.586854460093905,0.359999999999999,25.71,"CFN"
"301",-0.855698171917551,-0.360000000000003,25.49,"CFN"
"302",-5.02157708905452,-0.599999999999998,24.21,"CFN"
"303",-1.44568360181744,-0.0300000000000011,23.86,"CFN"
"304",-0.838222967309301,-0.809999999999999,23.66,"CFN"
"305",4.86052409129332,1.16,24.81,"CFN"
"306",-1.28980249899234,-0.210000000000001,24.49,"CFN"
"307",-0.775826868109423,-0.309999999999999,24.3,"CFN"
"308",1.72839506172839,0.59,24.72,"CFN"
"309",2.95307443365696,0.449999999999999,25.45,"CFN"
"310",-0.825147347740671,0,25.24,"CFN"
"311",1.46592709984153,0.199999999999999,25.61,"CFN"
"312",-1.52284263959391,-0.48,25.22,"CFN"
"313",-2.61697065820777,-0.0899999999999999,24.56,"CFN"
"314",-1.38436482084691,0.369999999999997,24.22,"CFN"
"315",3.6333608587944,0.470000000000002,25.1,"CFN"
"316",-1.91235059760956,-0.239999999999998,24.62,"CFN"
"317",-4.02112103980504,-0.640000000000001,23.63,"CFN"
"318",-0.719424460431647,0.0899999999999999,23.46,"CFN"
"319",1.23614663256607,0.25,23.75,"CFN"
"320",1.6421052631579,0.27,24.14,"CFN"
"321",0.248550124275057,-0.27,24.2,"CFN"
"322",2.14876033057851,0.52,24.72,"CFN"
"323",-1.94174757281554,0.0499999999999972,24.24,"CFN"
"324",0.86633663366337,0.120000000000001,24.45,"CFN"
"325",-3.4764826175869,-0.799999999999997,23.6,"CFN"
"326",-1.5677966101695,0.170000000000002,23.23,"CFN"
"327",0.688764528626776,0.330000000000002,23.39,"CFN"
"328",2.6507054296708,0.360000000000003,24.01,"CFN"
"329",1.41607663473553,-0.0999999999999979,24.35,"CFN"
"330",-1.06776180698153,-0.27,24.09,"CFN"
"331",2.03403902034038,0.0399999999999991,24.58,"CFN"
"332",-2.56305939788446,-0.280000000000001,23.95,"CFN"
"333",-3.34029227557412,-0.550000000000001,23.15,"CFN"
"334",2.07343412526998,0.849999999999998,23.63,"CFN"
"335",2.53914515446467,0.350000000000001,24.23,"CFN"
"336",1.03177878662815,0.32,24.48,"CFN"
"337",-1.34803921568628,-0.440000000000001,24.15,"CFN"
"338",2.02898550724639,-0.00999999999999801,24.64,"CFN"
"339",0.730519480519479,0,24.82,"CFN"
"340",-0.564061240934732,-0.289999999999999,24.68,"CFN"
"341",-0.162074554294972,0.190000000000001,24.64,"CFN"
"342",1.13636363636364,-0.00999999999999801,24.92,"CFN"
"343",-2.7287319422151,-0.48,24.24,"CFN"
"344",1.23762376237624,0.379999999999999,24.54,"CFN"
"345",-1.26324368378158,-0.309999999999999,24.23,"CFN"
"346",-1.89847296739579,-0.460000000000001,23.77,"CFN"
"347",3.15523769457299,0.390000000000001,24.52,"CFN"
"348",1.87601957585645,0.449999999999999,24.98,"CFN"
"349",-1.96156925540433,-0.290000000000003,24.49,"CFN"
"350",0.0408329930583976,-0.32,24.5,"CFN"
"351",2.79591836734693,-0.00500000000000256,25.185,"CFN"
"352",3.11693468334326,0.82,25.97,"CFN"
"353",-1.42472083172891,-0.0499999999999972,25.6,"CFN"
"354",-3.75,-0.239999999999998,24.64,"CFN"
"355",1.13636363636364,-0.129999999999999,24.92,"CFN"
"356",1.84590690208667,0.119999999999997,25.38,"CFN"
"357",-0.472813238770675,0.100000000000001,25.26,"CFN"
"358",0.197941409342823,0.109999999999999,25.31,"CFN"
"359",-0.553141050967985,-0.199999999999999,25.17,"CFN"
"360",-3.53595550258244,-0.32,24.28,"CFN"
"361",1.11202635914333,0.0500000000000007,24.55,"CFN"
"362",1.14052953156822,0.0199999999999996,24.83,"CFN"
"363",0.322190898107136,0.0800000000000018,24.91,"CFN"
"364",0.240867121637891,0.0599999999999987,24.97,"CFN"
"365",-1.04124949939927,0.0399999999999991,24.71,"CFN"
"366",-2.26628895184137,-0.420000000000002,24.15,"CFN"
"367",-0.455486542443062,-0.300000000000001,24.04,"CFN"
"368",-2.24625623960066,-0.25,23.5,"CFN"
"369",0.0851063829787216,0.0799999999999983,23.52,"CFN"
"370",-1.74319727891157,-0.140000000000001,23.11,"CFN"
"371",0,0,23.11,"CFN"
"372",0.389441800086542,0.0599999999999987,23.2,"CFN"
"373",2.54310344827586,0.0199999999999996,23.79,"CFN"
"374",-0.0840689365279511,-0.0399999999999991,23.77,"CFN"
"375",4.24905342869164,0.359999999999999,24.78,"CFN"
"376",1.57384987893463,0.370000000000001,25.17,"CFN"
"377",-1.07270560190704,-0.440000000000001,24.9,"CFN"
"378",0.602409638554225,-0.289999999999999,25.05,"CFN"
"379",-0.718562874251496,-0.140000000000001,24.87,"CFN"
"380",-0.120627261761163,0.100000000000001,24.84,"CFN"
"381",-2.17391304347826,-0.370000000000001,24.3,"CFN"
"382",2.09876543209876,0.399999999999999,24.81,"CFN"
"383",-1.41072148327287,-0.149999999999999,24.46,"CFN"
"384",-1.7988552739166,-0.539999999999999,24.02,"CFN"
"385",-0.0416319733555288,0.16,24.01,"CFN"
"386",0.541441066222403,-0.0700000000000003,24.14,"CFN"
"387",-0.331400165700091,-0.190000000000001,24.06,"CFN"
"388",-0.457190357439732,-0.240000000000002,23.95,"CFN"
"389",3.42379958246347,0.43,24.77,"CFN"
"390",-0.444085587404116,-0.16,24.66,"CFN"
"391",0.973236009732354,0.0999999999999979,24.9,"CFN"
"392",1.40562248995985,0.25,25.25,"CFN"
"393",0,0,25.25,"CFN"
"394",0.0396039603960458,0.0100000000000016,25.26,"CFN"
"395",-1.30641330166272,-0.300000000000001,24.93,"CFN"
"396",1.72482952266346,0.469999999999999,25.36,"CFN"
"397",0.19716088328076,0.16,25.41,"CFN"
"398",0,0,25.41,"CFN"
"399",0.983864620228256,-0.190000000000001,25.66,"CFN"
"400",-0.5066250974279,-0.0399999999999991,25.53,"CFN"
"401",0.548374461417942,-0.0799999999999983,25.67,"CFN"
"402",-0.740163615114925,-0.18,25.48,"CFN"
"403",-8.6342229199372,-1.3,23.28,"CFN"
"404",-1.24570446735396,-0.350000000000001,22.99,"CFN"
"405",-0.478468899521529,-0.0199999999999996,22.88,"CFN"
"406",0,-0.0199999999999996,22.88,"CFN"
"407",-0.218531468531472,0.169999999999998,22.83,"CFN"
"408",0,0,22.83,"CFN"
"409",-0.0438020148926763,-0.18,22.82,"CFN"
"410",0.350569675723042,0.119999999999997,22.9,"CFN"
"411",1.7467248908297,0.350000000000001,23.3,"CFN"
"412",0.901287553648072,0.270000000000003,23.51,"CFN"
"413",0.552956188855802,0.129999999999999,23.64,"CFN"
"414",0.549915397631129,0.289999999999999,23.77,"CFN"
"415",1.051745898191,0.329999999999998,24.02,"CFN"
"416",0.582847626977521,0.0100000000000016,24.16,"CFN"
"417",-1.07615894039736,-0.200000000000003,23.9,"CFN"
"418",1.88284518828453,0.620000000000001,24.35,"CFN"
"419",-1.64271047227927,-0.530000000000001,23.95,"CFN"
"420",0.208768267223385,-0.219999999999999,24,"CFN"
"421",0.583333333333336,0.120000000000001,24.14,"CFN"
"422",3.56255178127589,1.26,25,"CFN"
"423",0.519999999999996,0.149999999999999,25.13,"CFN"
"424",-0.119379228014316,0.0500000000000007,25.1,"CFN"
"425",-0.717131474103584,-0.169999999999998,24.92,"CFN"
"426",-0.441412520064217,-0.120000000000001,24.81,"CFN"
"427",2.49899234179767,0.509999999999998,25.43,"CFN"
"428",0.15729453401494,-0.100000000000001,25.47,"CFN"
"429",1.13859442481352,0.330000000000002,25.76,"CFN"
"430",-1.55279503105591,-0.539999999999999,25.36,"CFN"
"431",1.97160883280757,0.460000000000001,25.86,"CFN"
"432",0.734725444702248,-0.289999999999999,26.05,"CFN"
"433",0,0,26.05,"CFN"
"434",0.153550863723605,-0.149999999999999,26.09,"CFN"
"435",-0.88156381755462,0.34,25.86,"CFN"
"436",-0.116009280742464,0.0499999999999972,25.83,"CFN"
"437",0.232288037166095,0.0399999999999991,25.89,"CFN"
"438",-0.463499420625728,0.0999999999999979,25.77,"CFN"
"439",1.6686069072565,0.359999999999999,26.2,"CFN"
"440",-1.48854961832061,-0.330000000000002,25.81,"CFN"
"441",-1.16234017822548,-0.319999999999997,25.51,"CFN"
"442",-0.784006272050187,-0.23,25.31,"CFN"
"443",-0.671671276175418,-0.0999999999999979,25.14,"CFN"
"444",-0.437549721559266,0.0800000000000018,25.03,"CFN"
"445",-0.159808230123862,-0.0500000000000007,24.99,"CFN"
"446",1.00040016006403,0.0499999999999972,25.24,"CFN"
"447",0.554675118858956,0.109999999999999,25.38,"CFN"
"448",-1.10323089046492,-0.309999999999999,25.1,"CFN"
"449",2.66932270916334,0.59,25.77,"CFN"
"450",0.0776096235933239,0.0799999999999983,25.79,"CFN"
"451",0.62039550213261,0.16,25.95,"CFN"
"452",-0.924855491329474,-0.109999999999999,25.71,"CFN"
"453",-0.19447685725399,0.0300000000000011,25.66,"CFN"
"454",-0.662509742790342,0.0999999999999979,25.49,"CFN"
"455",-0.274617497057657,-0.0799999999999983,25.42,"CFN"
"456",0.0786782061368984,0.140000000000001,25.44,"CFN"
"457",-0.35377358490566,-0.0700000000000003,25.35,"CFN"
"458",1.85404339250493,0.27,25.82,"CFN"
"459",-0.116189000774598,-0.0399999999999991,25.79,"CFN"
"460",0.62039550213261,0.18,25.95,"CFN"
"461",-0.115606936416176,0.110000000000003,25.92,"CFN"
"462",0.0385802469135726,-0.0700000000000003,25.93,"CFN"
"463",1.54261473197068,0.469999999999999,26.33,"CFN"
"464",0.417774401823027,0.16,26.44,"CFN"
"465",-0.794251134644481,-0.0199999999999996,26.23,"CFN"
"466",-0.381242851696536,0.0700000000000003,26.13,"CFN"
"467",0,0,26.13,"CFN"
"468",-2.14313050133945,-0.280000000000001,25.57,"CFN"
"469",-0.821274931560426,-0.210000000000001,25.36,"CFN"
"470",1.14353312302839,0.0599999999999987,25.65,"CFN"
"471",1.40350877192984,0.380000000000003,26.01,"CFN"
"472",-1.99923106497502,-0.510000000000002,25.49,"CFN"
"473",-0.392310710082377,-0.199999999999999,25.39,"CFN"
"474",0.708940527766836,0.0500000000000007,25.57,"CFN"
"475",0.07821666014861,0.0899999999999999,25.59,"CFN"
"476",0.0781555295037107,-0.0399999999999991,25.61,"CFN"
"477",1.13237016790316,0.219999999999999,25.9,"CFN"
"478",-1.85328185328184,-0.279999999999998,25.42,"CFN"
"479",0.118017309205341,0.0599999999999987,25.45,"CFN"
"480",1.17878192534381,-0.0399999999999991,25.75,"CFN"
"481",0.893203883495147,0.18,25.98,"CFN"
"482",-0.115473441108549,-0.140000000000001,25.95,"CFN"
"483",-0.154142581888243,-0.0300000000000011,25.91,"CFN"
"484",0.463141644152841,0.130000000000003,26.03,"CFN"
"485",0.653092585478287,0.259999999999998,26.2,"CFN"
"486",-1.5267175572519,-0.349999999999998,25.8,"CFN"
"487",5,1.26,27.09,"CFN"
"488",-1.84569952011812,-0.41,26.59,"CFN"
"489",-0.714554343738252,0.00999999999999801,26.4,"CFN"
"490",-1.70454545454545,-0.109999999999999,25.95,"CFN"
"491",-0.269749518304433,-0.23,25.88,"CFN"
"492",-0.0772797527047897,0.109999999999999,25.86,"CFN"
"493",-1.39211136890951,-0.25,25.5,"CFN"
"494",-1.01960784313726,-0.200000000000003,25.24,"CFN"
"495",-0.356576862123613,-0.200000000000003,25.15,"CFN"
"496",-0.357852882703777,-0.130000000000003,25.06,"CFN"
"497",-1.59616919393455,-0.550000000000001,24.66,"CFN"
"498",0.729927007299269,0.18,24.84,"CFN"
"499",-0.764895330112727,-0.210000000000001,24.65,"CFN"
"500",-1.41987829614604,-0.16,24.3,"CFN"
"501",1.89300411522634,-0.25,24.76,"CFN"
"502",0.565428109854592,0.149999999999999,24.9,"CFN"
"503",0,0,24.9,"CFN"
"504",0.321285140562256,-0.0500000000000007,24.98,"CFN"
"505",-2.08166533226581,-0.210000000000001,24.46,"CFN"
"506",-0.899427636958309,-0.16,24.24,"CFN"
"507",-0.948844884488436,0.140000000000001,24.01,"CFN"
"508",-0.124947938359022,-0.0399999999999991,23.98,"CFN"
"509",0.291909924937449,0.0700000000000003,24.05,"CFN"
"510",1.91268191268192,0.260000000000002,24.51,"CFN"
"511",-0.0407996736026176,-0.239999999999998,24.5,"CFN"
"512",0.285714285714287,0.190000000000001,24.57,"CFN"
"513",-0.651200651200652,-0.329999999999998,24.41,"CFN"
"514",-0.409668168783291,-0.150000000000002,24.31,"CFN"
"515",0.781571369806669,0.210000000000001,24.5,"CFN"
"516",0.163265306122445,0.0399999999999991,24.54,"CFN"
"517",0.814995925020372,0.16,24.74,"CFN"
"518",0.485044462409058,0.189999999999998,24.86,"CFN"
"519",1.04585679806919,0.199999999999999,25.12,"CFN"
"520",0.199044585987264,0.100000000000001,25.17,"CFN"
"521",-1.39054429876838,-0.379999999999999,24.82,"CFN"
"522",0.443190975020143,0.00999999999999801,24.93,"CFN"
"523",-1.76494183714401,-0.260000000000002,24.49,"CFN"
"524",0.0408329930583976,0,24.5,"CFN"
"525",2.20408163265306,0.5,25.04,"CFN"
"526",-0.71884984025559,-0.0700000000000003,24.86,"CFN"
"527",3.29847144006436,0.469999999999999,25.68,"CFN"
"528",0.545171339563865,0.0899999999999999,25.82,"CFN"
"529",-0.464756003098377,-0.0199999999999996,25.7,"CFN"
"530",0,0,25.7,"CFN"
"531",-0.856031128404665,-0.129999999999999,25.48,"CFN"
"532",0.0392464678178886,0.219999999999999,25.49,"CFN"
"533",0.274617497057671,0.139999999999997,25.56,"CFN"
"534",-0.978090766823161,-0.310000000000002,25.31,"CFN"
"535",0.513630975898864,0.120000000000001,25.44,"CFN"
"536",-0.746855345911955,-0.0799999999999983,25.25,"CFN"
"537",0.554455445544557,0.0300000000000011,25.39,"CFN"
"538",-0.905868452146516,-0.16,25.16,"CFN"
"539",1.86804451510333,0.359999999999999,25.63,"CFN"
"540",-0.429184549356221,0.0199999999999996,25.52,"CFN"
"541",-0.587774294670841,-0.140000000000001,25.37,"CFN"
"542",-1.41899881750098,-0.239999999999998,25.01,"CFN"
"543",-1.35945621751299,-0.0799999999999983,24.67,"CFN"
"544",-2.3104985812728,-0.52,24.1,"CFN"
"545",0.66390041493776,0.0700000000000003,24.26,"CFN"
"546",-0.370981038746908,-0.419999999999998,24.17,"CFN"
"547",0.910219280099292,0.150000000000002,24.39,"CFN"
"548",0.164001640016397,0.109999999999999,24.43,"CFN"
"549",-0.0818665575112549,0.0100000000000016,24.41,"CFN"
"550",0,-0.0199999999999996,24.41,"CFN"
"551",-1.63867267513314,-0.239999999999998,24.01,"CFN"
"552",0.458142440649727,-0.25,24.12,"CFN"
"553",-0.0829187396351558,-0.0899999999999999,24.1,"CFN"
"554",1.03734439834025,0.220000000000002,24.35,"CFN"
"555",0.205338809034896,0.0700000000000003,24.4,"CFN"
"556",0.696721311475417,0.18,24.57,"CFN"
"557",7.000407000407,0.779999999999998,26.29,"CFN"
"558",2.43438569798403,0.629999999999999,26.93,"CFN"
"559",-0.891199405867057,-0.349999999999998,26.69,"CFN"
"560",0.374672161858366,0.140000000000001,26.79,"CFN"
"561",0.410600970511383,0.129999999999999,26.9,"CFN"
"562",0.706319702602235,0.23,27.09,"CFN"
"563",0.110741971207092,0.0100000000000016,27.12,"CFN"
"564",-0.626843657817115,-0.16,26.95,"CFN"
"565",-1.26159554730983,-0.280000000000001,26.61,"CFN"
"566",-0.977076287110102,-0.169999999999998,26.35,"CFN"
"567",0.303605313092973,0.109999999999999,26.43,"CFN"
"568",0.113507377979573,-0.0700000000000003,26.46,"CFN"
"569",0.151171579743005,0.100000000000001,26.5,"CFN"
"570",-0.150943396226412,-0.0399999999999991,26.46,"CFN"
"571",-0.226757369614521,0.0799999999999983,26.4,"CFN"
"572",-0.492424242424239,-0.23,26.27,"CFN"
"573",0,0,26.27,"CFN"
"574",0.609059763989342,0.109999999999999,26.43,"CFN"
"575",0.113507377979573,0.0500000000000007,26.46,"CFN"
"576",1.20937263794407,0.140000000000001,26.78,"CFN"
"577",3.62210604929051,0.760000000000002,27.75,"CFN"
"578",-0.216216216216212,0.0800000000000018,27.69,"CFN"
"579",0.866738894907903,0.219999999999999,27.93,"CFN"
"580",-1.00250626566416,-0.240000000000002,27.65,"CFN"
"581",1.08499095840868,0.25,27.95,"CFN"
"582",-0.322003577817531,0.00999999999999801,27.86,"CFN"
"583",0,0.0899999999999999,27.86,"CFN"
"584",2.01005025125629,0.540000000000003,28.42,"CFN"
"585",0.211118930330748,0.129999999999999,28.48,"CFN"
"586",-0.245786516853934,0.0199999999999996,28.41,"CFN"
"587",0.351988736360441,0.0400000000000027,28.51,"CFN"
"588",-0.350754121360931,0.0500000000000007,28.41,"CFN"
"589",-1.26715945089757,-0.469999999999999,28.05,"CFN"
"590",-0.819964349376116,-0.239999999999998,27.82,"CFN"
"591",2.9115744069015,0.669999999999998,28.63,"CFN"
"592",-0.838281522878094,-0.120000000000001,28.39,"CFN"
"593",-0.246565692145123,-0.0899999999999999,28.32,"CFN"
"594",0.953389830508473,0.140000000000001,28.59,"CFN"
"595",0.629590766002098,0.109999999999999,28.77,"CFN"
"596",-0.278067431352097,-0.129999999999999,28.69,"CFN"
"597",-0.27884280237017,-0.129999999999999,28.61,"CFN"
"598",0.0349528137015084,0.0700000000000003,28.62,"CFN"
"599",-2.48078266946192,-0.59,27.91,"CFN"
"600",-0.0358294518093929,0.0199999999999996,27.9,"CFN"
"601",0.681003584229395,-0.0100000000000016,28.09,"CFN"
"602",-1.06799572801709,-0.34,27.79,"CFN"
"603",0.251889168765744,-0.0300000000000011,27.86,"CFN"
"604",1.36396267049533,0.209999999999997,28.24,"CFN"
"605",-0.566572237960341,-0.190000000000001,28.08,"CFN"
"606",-2.31481481481481,-0.539999999999999,27.43,"CFN"
"607",-0.692672256653304,-0.100000000000001,27.24,"CFN"
"608",0.80763582966227,0.23,27.46,"CFN"
"609",-2.43991260014567,-0.420000000000002,26.79,"CFN"
"610",-0.485255692422542,-0.25,26.66,"CFN"
"611",0.487621905476365,-0.0600000000000023,26.79,"CFN"
"612",-0.933184023889511,-0.27,26.54,"CFN"
"613",0,0,26.54,"CFN"
"614",0,0,26.54,"CFN"
"615",0.0753579502637512,0.0199999999999996,26.56,"CFN"
"616",1.01656626506024,0.289999999999999,26.83,"CFN"
"617",-0.521803950801331,-0.309999999999999,26.69,"CFN"
"618",0.262270513300863,0.150000000000002,26.76,"CFN"
"619",1.86846038863976,0.490000000000002,27.26,"CFN"
"620",-1.35730007336758,-0.18,26.89,"CFN"
"621",-0.260319821494981,0.0399999999999991,26.82,"CFN"
"622",0.857568978374349,0.390000000000001,27.05,"CFN"
"623",0.0369685767097893,-0.0800000000000018,27.06,"CFN"
"624",-1.03473762010346,-0.16,26.78,"CFN"
"625",-0.186706497386112,-0.0999999999999979,26.73,"CFN"
"626",-0.561167227833902,-0.150000000000002,26.58,"CFN"
"627",0.714823175319794,0.43,26.77,"CFN"
"628",1.75569667538289,0.209999999999997,27.24,"CFN"
"629",1.06461086637299,0.18,27.53,"CFN"
"630",0.472212132219393,0.120000000000001,27.66,"CFN"
"631",0,0,27.66,"CFN"
"632",1.37382501807664,0.32,28.04,"CFN"
"633",-0.499286733238233,-0.0200000000000031,27.9,"CFN"
"634",-0.465949820788527,0.0999999999999979,27.77,"CFN"
"635",0.144040331292759,0.119999999999997,27.81,"CFN"
"636",0.0359582883854785,-0.129999999999999,27.82,"CFN"
"637",0.359453630481673,0.0100000000000016,27.92,"CFN"
"638",-0.608882521489977,-0.219999999999999,27.75,"CFN"
"639",-0.216216216216212,-0.0399999999999991,27.69,"CFN"
"640",-0.0361141206211685,-0.0399999999999991,27.68,"CFN"
"641",0.32514450867052,0.129999999999999,27.77,"CFN"
"642",0.684191573640624,0.150000000000002,27.96,"CFN"
"643",0.250357653791131,0.190000000000001,28.03,"CFN"
"644",0.392436674991079,0.0600000000000023,28.14,"CFN"
"645",0.319829424307036,0,28.23,"CFN"
"646",-0.2125398512221,-0.0399999999999991,28.17,"CFN"
"647",-0.319488817891386,0.00999999999999801,28.08,"CFN"
"648",0.641025641025653,0.16,28.26,"CFN"
"649",0.601556970983716,0.129999999999999,28.43,"CFN"
"650",0.175870559268381,0.0700000000000003,28.48,"CFN"
"651",2.00140449438202,0.52,29.05,"CFN"
"652",-0.998278829604128,-0.0399999999999991,28.76,"CFN"
"653",-0.243393602225314,-0.0700000000000003,28.69,"CFN"
"654",0,0,28.69,"CFN"
"655",-0.697107005925419,-0.210000000000001,28.49,"CFN"
"656",0.0351000351000406,0.0199999999999996,28.5,"CFN"
"657",-0.56140350877193,-0.0500000000000007,28.34,"CFN"
"658",0.846859562455887,0.239999999999998,28.58,"CFN"
"659",0,0,28.58,"CFN"
"660",2.44926522043388,0.330000000000002,29.28,"CFN"
"661",-0.648907103825141,0.239999999999998,29.09,"CFN"
"662",0.0343760742523258,0,29.1,"CFN"
"663",0.549828178694159,0.270000000000003,29.26,"CFN"
"664",-0.068352699931658,-0.140000000000001,29.24,"CFN"
"665",0.786593707250343,0.109999999999999,29.47,"CFN"
"666",0.610790634543603,0.109999999999999,29.65,"CFN"
"667",-0.843170320404722,-0.360000000000003,29.4,"CFN"
"668",0.816326530612252,0.219999999999999,29.64,"CFN"
"669",0.978407557354923,0.399999999999999,29.93,"CFN"
"670",0.735048446374871,0.299999999999997,30.15,"CFN"
"671",0.961857379767837,0.18,30.44,"CFN"
"672",0.919842312746378,0.129999999999999,30.72,"CFN"
"673",0,0,30.72,"CFN"
"674",0.29296875,0.0599999999999987,30.81,"CFN"
"675",-0.811424862057773,-0.190000000000001,30.56,"CFN"
"676",0.589005235602093,0.16,30.74,"CFN"
"677",2.27716330513989,0.640000000000001,31.44,"CFN"
"678",-1.01781170483461,-0.41,31.12,"CFN"
"679",0.578406169665809,0.27,31.3,"CFN"
"680",-0.479233226837068,-0.110000000000003,31.15,"CFN"
"681",-0.353130016051363,-0.0300000000000011,31.04,"CFN"
"682",0.934278350515461,0.159999999999997,31.33,"CFN"
"683",-1.40440472390679,-0.25,30.89,"CFN"
"684",1.61864681126578,0.400000000000002,31.39,"CFN"
"685",0.159286396941703,0.0899999999999999,31.44,"CFN"
"686",1.24045801526717,0.399999999999999,31.83,"CFN"
"687",0.0628338045868776,0.0700000000000003,31.85,"CFN"
"688",0.84772370486655,0.389999999999997,32.12,"CFN"
"689",0.965130759651315,0.289999999999999,32.43,"CFN"
"690",-1.14091890225099,-0.379999999999995,32.06,"CFN"
"691",2.12102308172177,-0.169999999999995,32.74,"CFN"
"692",0.183262064752581,0.119999999999997,32.8,"CFN"
"693",0,0,32.8,"CFN"
"694",0.823170731707327,0.270000000000003,33.07,"CFN"
"695",-1.08859993952222,-0.359999999999999,32.71,"CFN"
"696",-1.55915622133903,-0.379999999999995,32.2,"CFN"
"697",1.61490683229812,0.379999999999995,32.72,"CFN"
"698",-3.27017114914426,-1.24,31.65,"CFN"
"699",1.39020537124804,0.330000000000002,32.09,"CFN"
"700",1.09068245559363,0.339999999999996,32.44,"CFN"
"701",0.924784217016043,0.25,32.74,"CFN"
"702",0.671960904092849,0.270000000000003,32.96,"CFN"
"703",0.242718446601937,0.18,33.04,"CFN"
"704",1.05932203389831,0.219999999999999,33.39,"CFN"
"705",-0.389338125187189,-0.230000000000004,33.26,"CFN"
"706",0.270595309681309,0.0799999999999983,33.35,"CFN"
"707",0.329835082458769,0.0700000000000003,33.46,"CFN"
"708",0.657501494321575,0.280000000000001,33.68,"CFN"
"709",1.0688836104513,0.380000000000003,34.04,"CFN"
"710",0.851938895417154,0.32,34.33,"CFN"
"711",0.174774249927184,0.0300000000000011,34.39,"CFN"
"712",-0.232625763303281,0.0300000000000011,34.31,"CFN"
"713",-1.10754881958613,-0.0600000000000023,33.93,"CFN"
"714",-0.324196875921012,-0.130000000000003,33.82,"CFN"
"715",1.03489059727972,0.190000000000005,34.17,"CFN"
"716",0.0585308750365702,0.189999999999998,34.19,"CFN"
"717",1.43316759286342,0.390000000000001,34.68,"CFN"
"718",-0.836216839677045,-0.380000000000003,34.39,"CFN"
"719",1.19220703692933,0.259999999999998,34.8,"CFN"
"720",0.34482758620691,0.359999999999999,34.92,"CFN"
"721",0.200458190148913,0.0700000000000003,34.99,"CFN"
"722",0,0,34.99,"CFN"
"723",-0.657330665904555,-0.210000000000001,34.76,"CFN"
"724",0.48906789413119,0.0300000000000011,34.93,"CFN"
"725",-1.1451474377326,-0.420000000000002,34.53,"CFN"
"726",0.72400810889082,0.0600000000000023,34.78,"CFN"
"727",-0.718803910293272,0.189999999999998,34.53,"CFN"
"728",-0.144801621778176,0,34.48,"CFN"
"729",0.0870069605568479,-0.100000000000001,34.51,"CFN"
"730",0.927267458707622,0.239999999999995,34.83,"CFN"
"731",1.60780935974735,0.520000000000003,35.39,"CFN"
"732",-0.282565696524446,0.00999999999999801,35.29,"CFN"
"733",-2.72031737035988,-0.880000000000003,34.33,"CFN"
"734",1.71861345761725,0.310000000000002,34.92,"CFN"
"735",-1.14547537227949,-0.239999999999995,34.52,"CFN"
"736",-0.926998841251449,-0.359999999999999,34.2,"CFN"
"737",1.02339181286548,0.18,34.55,"CFN"
"738",-1.5629522431259,-0.580000000000005,34.01,"CFN"
"739",0.793884151720092,0.0600000000000023,34.28,"CFN"
"740",-0.0583430571762051,-0.130000000000003,34.26,"CFN"
"741",0.58377116170462,-0.00999999999999801,34.46,"CFN"
"742",-2.03134068485201,-0.640000000000001,33.76,"CFN"
"743",0.0592417061611467,-0.0899999999999963,33.78,"CFN"
"744",-1.00651272942571,-0.310000000000002,33.44,"CFN"
"745",-0.687799043062192,-0.0499999999999972,33.21,"CFN"
"746",1.1743450767841,0.210000000000001,33.6,"CFN"
"747",1.60714285714285,0.230000000000004,34.14,"CFN"
"748",0.468658465143517,0.18,34.3,"CFN"
"749",0,-0.0300000000000011,34.3,"CFN"
"750",0.932944606413995,0.32,34.62,"CFN"
"751",0.0866551126516497,-0.0200000000000031,34.65,"CFN"
"752",-3.05916305916305,-0.319999999999993,33.59,"CFN"
"753",0.535873771955938,0.340000000000003,33.77,"CFN"
"754",0.177672490376059,0,33.83,"CFN"
"755",-0.384274312740158,-0.109999999999999,33.7,"CFN"
"756",-0.0296735905044662,0.0799999999999983,33.69,"CFN"
"757",1.98872068863165,0.469999999999999,34.36,"CFN"
"758",-0.756693830034919,-0.189999999999998,34.1,"CFN"
"759",0.0879765395894461,0,34.13,"CFN"
"760",0.117198945209491,0.0700000000000003,34.17,"CFN"
"761",0.702370500438967,0.68,34.41,"CFN"
"762",0,0.189999999999998,34.41,"CFN"
"763",0,0,34.41,"CFN"
"764",1.42400464981111,0.159999999999997,34.9,"CFN"
"765",-0.229226361031514,0.0799999999999983,34.82,"CFN"
"766",5.54279149913843,1.98,36.75,"CFN"
"767",0,0.0200000000000031,36.75,"CFN"
"768",1.4421768707483,0.450000000000003,37.28,"CFN"
"769",1.12660944206009,0.43,37.7,"CFN"
"770",-0.636604774535814,-0.119999999999997,37.46,"CFN"
"771",0.213561131873994,0.0399999999999991,37.54,"CFN"
"772",1.67820990942995,0.469999999999999,38.17,"CFN"
"773",-0.707361802462675,-0.329999999999998,37.9,"CFN"
"774",0.211081794195246,0.339999999999996,37.98,"CFN"
"775",-1.26382306477092,-0.649999999999999,37.5,"CFN"
"776",1.38666666666667,0.630000000000003,38.02,"CFN"
"777",-0.578642819568664,-0.230000000000004,37.8,"CFN"
"778",0.396825396825412,-0.119999999999997,37.95,"CFN"
"779",0.316205533596831,0.0900000000000034,38.07,"CFN"
"780",-1.41843971631205,-0.490000000000002,37.53,"CFN"
"781",-3.70370370370371,-1.16,36.14,"CFN"
"782",2.40730492529053,0.559999999999995,37.01,"CFN"
"783",-1.37800594433936,-0.0900000000000034,36.5,"CFN"
"784",0.849315068493157,-0.00999999999999801,36.81,"CFN"
"785",-1.22249388753057,-0.740000000000002,36.36,"CFN"
"786",2.09020902090208,0.539999999999999,37.12,"CFN"
"787",-0.727370689655162,-0.229999999999997,36.85,"CFN"
"788",1.35685210312076,0.380000000000003,37.35,"CFN"
"789",-0.214190093708161,0.0100000000000051,37.27,"CFN"
"790",0.321974778642333,0.289999999999999,37.39,"CFN"
"791",0,0,37.39,"CFN"
"792",0.508157261299807,-0.0300000000000011,37.58,"CFN"
"793",1.75625332623737,0.539999999999999,38.24,"CFN"
"794",-2.43200836820084,-0.93,37.31,"CFN"
"795",1.55454301795765,0.660000000000004,37.89,"CFN"
"796",1.66270783847982,0.370000000000005,38.52,"CFN"
"797",0.103842159916924,0.0700000000000003,38.56,"CFN"
"798",1.47821576763486,0.640000000000001,39.13,"CFN"
"799",-1.32890365448506,-0.509999999999998,38.61,"CFN"
"800",0,-0.0799999999999983,38.61,"CFN"
"801",0.543900543900546,0.119999999999997,38.82,"CFN"
"802",-0.0772797527047943,0.019999999999996,38.79,"CFN"
"803",0.232018561484928,0.120000000000005,38.88,"CFN"
"804",-0.282921810699587,-0.18,38.77,"CFN"
"805",0.0257931390250142,-0.0799999999999983,38.78,"CFN"
"806",-0.15471892728211,0.0499999999999972,38.72,"CFN"
"807",-0.981404958677674,-0.199999999999996,38.34,"CFN"
"808",-0.417318727177892,-0.160000000000004,38.18,"CFN"
"809",1.07386066003144,0.220000000000006,38.59,"CFN"
"810",-0.0518268981601532,-0.119999999999997,38.57,"CFN"
"811",0.985221674876854,0.220000000000006,38.95,"CFN"
"812",-6.00770218228499,-2.31,36.61,"CFN"
"813",1.36574706364381,0.509999999999998,37.11,"CFN"
"814",0.242522231204536,0.120000000000005,37.2,"CFN"
"815",-0.779569892473135,-0.150000000000006,36.91,"CFN"
"816",1.1108100785695,0.18,37.32,"CFN"
"817",-0.99142550911039,-0.199999999999996,36.95,"CFN"
"818",0.405953991880916,0.440000000000005,37.1,"CFN"
"819",1.77897574123988,0.669999999999995,37.76,"CFN"
"820",-0.820974576271174,-0.229999999999997,37.45,"CFN"
"821",-3.41789052069426,-0.979999999999997,36.17,"CFN"
"822",-0.967652750898539,-0.149999999999999,35.82,"CFN"
"823",-0.223338916806249,0.0200000000000031,35.74,"CFN"
"824",0.167879127028526,0.0700000000000003,35.8,"CFN"
"825",-0.921787709497202,-0.280000000000001,35.47,"CFN"
"826",0.535663941358888,0.0799999999999983,35.66,"CFN"
"827",0.0560852495793694,-0.0499999999999972,35.68,"CFN"
"828",-0.448430493273533,-0.149999999999999,35.52,"CFN"
"829",-1.21058558558558,-0.0599999999999952,35.09,"CFN"
"830",0.512966657167283,0.160000000000004,35.27,"CFN"
"831",1.04905018429259,0.520000000000003,35.64,"CFN"
"832",0.589225589225592,0.149999999999999,35.85,"CFN"
"833",0,0,35.85,"CFN"
"834",-0.334728033472816,-0.350000000000001,35.73,"CFN"
"835",1.65127343968655,0.560000000000002,36.32,"CFN"
"836",0.908590308370039,0.32,36.65,"CFN"
"837",-0.0818553888131,-0.0600000000000023,36.62,"CFN"
"838",1.61114145275806,0.660000000000004,37.21,"CFN"
"839",-0.241870464928792,-0.270000000000003,37.12,"CFN"
"840",0.727370689655181,0.270000000000003,37.39,"CFN"
"841",-0.802353570473381,-0.299999999999997,37.09,"CFN"
"842",0.242653006201122,-0.0300000000000011,37.18,"CFN"
"843",2.04410973641742,0.479999999999997,37.94,"CFN"
"844",0.658935160780179,0.239999999999995,38.19,"CFN"
"845",0.235663786331509,0.0200000000000031,38.28,"CFN"
"846",-0.809822361546505,-0.300000000000004,37.97,"CFN"
"847",0.316038978140649,-0.0999999999999943,38.09,"CFN"
"848",-0.577579417169876,-0.100000000000001,37.87,"CFN"
"849",-1.37311856350672,-0.530000000000001,37.35,"CFN"
"850",-0.401606425702807,-0.140000000000001,37.2,"CFN"
"851",-0.268817204301079,-0.119999999999997,37.1,"CFN"
"852",-0.431266846361196,0.0300000000000011,36.94,"CFN"
"853",-0.108283703302651,0.149999999999999,36.9,"CFN"
"854",0.243902439024399,0.280000000000001,36.99,"CFN"
"855",1.45985401459854,0.649999999999999,37.53,"CFN"
"856",-0.293098854249932,-0.00999999999999801,37.42,"CFN"
"857",0.240513094601807,0.109999999999999,37.51,"CFN"
"858",-1.33297787256732,-0.25,37.01,"CFN"
"859",-0.756552283166715,-0.280000000000001,36.73,"CFN"
"860",0.598965423359668,0.0800000000000054,36.95,"CFN"
"861",2.16508795669823,0.369999999999997,37.75,"CFN"
"862",0.741721854304639,0.420000000000002,38.03,"CFN"
"863",0.94662108861425,0.530000000000001,38.39,"CFN"
"864",-0.833550403750978,-0.240000000000002,38.07,"CFN"
"865",1.81245074862096,0.449999999999996,38.76,"CFN"
"866",1.70278637770899,0.800000000000004,39.42,"CFN"
"867",-0.456621004566209,-0.359999999999999,39.24,"CFN"
"868",-0.407747196738032,-0.100000000000001,39.08,"CFN"
"869",0.614124872057323,0.119999999999997,39.32,"CFN"
"870",0.432349949135304,0.25,39.49,"CFN"
"871",-0.0253228665485062,0.029999999999994,39.48,"CFN"
"872",-1.3677811550152,-0.5,38.94,"CFN"
"873",0.179763739085774,0.00999999999999801,39.01,"CFN"
"874",0.89720584465522,0.289999999999999,39.36,"CFN"
"875",-1.37195121951219,-0.649999999999999,38.82,"CFN"
"876",-0.128799587841312,-0.0899999999999963,38.77,"CFN"
"877",0.33531080732524,0.0399999999999991,38.9,"CFN"
"878",0.565552699228789,0.210000000000001,39.12,"CFN"
"879",-1.15030674846625,-0.25,38.67,"CFN"
"880",-0.181018877682959,-0.189999999999998,38.6,"CFN"
"881",-0.984455958549229,-0.439999999999998,38.22,"CFN"
"882",-1.49136577708006,-0.0500000000000043,37.65,"CFN"
"883",0.610889774236398,0.109999999999999,37.88,"CFN"
"884",0.158394931362184,0.239999999999995,37.94,"CFN"
"885",2.76752767527676,1.13,38.99,"CFN"
"886",0.7181328545781,0.270000000000003,39.27,"CFN"
"887",-0.229182582123767,-0.390000000000001,39.18,"CFN"
"888",-1.40377743746809,-0.529999999999994,38.63,"CFN"
"889",0.258866166192064,-0.0400000000000063,38.73,"CFN"
"890",0.103279111799655,-0.0499999999999972,38.77,"CFN"
"891",0.33531080732524,-0.0500000000000043,38.9,"CFN"
"892",1.20822622107969,0.369999999999997,39.37,"CFN"
"893",-0.38100076200152,-0.32,39.22,"CFN"
"894",1.40234574196839,0.620000000000005,39.77,"CFN"
"895",0.201156650741761,-0.019999999999996,39.85,"CFN"
"896",0,0,39.85,"CFN"
"897",0,0.00999999999999801,39.85,"CFN"
"898",0.652446675031363,0.200000000000003,40.11,"CFN"
"899",-1.09698329593617,-0.329999999999998,39.67,"CFN"
"900",-0.655407108646345,-0.0600000000000023,39.41,"CFN"
"901",0.228368434407519,0.240000000000002,39.5,"CFN"
"902",0.430379746835447,-0.210000000000001,39.67,"CFN"
"903",1.4368540458785,0.380000000000003,40.24,"CFN"
"904",-1.91351888667993,-0.590000000000003,39.47,"CFN"
"905",-2.17887002786927,-0.710000000000001,38.61,"CFN"
"906",0.181300181300182,0.149999999999999,38.68,"CFN"
"907",0.077559462254398,0.0500000000000043,38.71,"CFN"
"908",2.01498320847327,0.480000000000004,39.49,"CFN"
"909",-2.53228665484933,-0.189999999999998,38.49,"CFN"
"910",2.65003897116133,0.879999999999995,39.51,"CFN"
"911",0.075930144267277,0.0399999999999991,39.54,"CFN"
"912",-0.35407182599899,-0.120000000000005,39.4,"CFN"
"913",0.329949238578687,-0.00999999999999801,39.53,"CFN"
"914",0.683025550215016,0.279999999999994,39.8,"CFN"
"915",0,0,39.8,"CFN"
"916",-0.326633165829134,-0.18,39.67,"CFN"
"917",0.327703554323155,-0.440000000000005,39.8,"CFN"
"918",0.427135678391964,0.129999999999995,39.97,"CFN"
"919",-0.375281461095818,-0.18,39.82,"CFN"
"920",0,0,39.82,"CFN"
"921",-1.5318935208438,-0.600000000000001,39.21,"CFN"
"922",-0.535577658760522,-0.270000000000003,39,"CFN"
"923",1.33333333333334,0.300000000000004,39.52,"CFN"
"924",1.29048582995951,0.160000000000004,40.03,"CFN"
"925",0.699475393454912,0.25,40.31,"CFN"
"926",2.33192756139915,0.82,41.25,"CFN"
"927",-0.0727272727272755,0.0799999999999983,41.22,"CFN"
"928",-1.14022319262494,-0.340000000000003,40.75,"CFN"
"929",0.711656441717789,0.130000000000003,41.04,"CFN"
"930",-0.438596491228069,-0.170000000000002,40.86,"CFN"
"931",0.195790504160544,0.109999999999999,40.94,"CFN"
"932",-0.464093795798724,-0.32,40.75,"CFN"
"933",0,0,40.75,"CFN"
"934",0.0736196319018433,-0.100000000000001,40.78,"CFN"
"935",0.0490436488474645,0.029999999999994,40.8,"CFN"
"936",-1.15196078431372,-0.25,40.33,"CFN"
"937",-3.04983882965534,-1.13,39.1,"CFN"
"938",0.255754475703328,0.0700000000000003,39.2,"CFN"
"939",1.83673469387755,0.68,39.92,"CFN"
"940",1.50300601202405,0.810000000000002,40.52,"CFN"
"941",2.93682132280355,0.980000000000004,41.71,"CFN"
"942",-2.25365619755454,-0.279999999999994,40.77,"CFN"
"943",-2.37920039244544,-1.05,39.8,"CFN"
"944",-2.9145728643216,0.640000000000001,38.64,"CFN"
"945",-0.310559006211173,0.0700000000000003,38.52,"CFN"
"946",0.674974039460016,0.120000000000005,38.78,"CFN"
"947",2.01134605466736,0.650000000000006,39.56,"CFN"
"948",1.16279069767442,0.340000000000003,40.02,"CFN"
"949",1.19940029985007,0.439999999999998,40.5,"CFN"
"950",0.740740740740734,0.119999999999997,40.8,"CFN"
"951",0.857843137254905,0.490000000000002,41.15,"CFN"
"952",-0.486026731470221,-0.239999999999995,40.95,"CFN"
"953",0,0,40.95,"CFN"
"954",1.14774114774114,0.32,41.42,"CFN"
"955",-0.893288266537915,-0.290000000000006,41.05,"CFN"
"956",1.41291108404386,0.520000000000003,41.63,"CFN"
"957",-1.32116262310835,-0.539999999999999,41.08,"CFN"
"958",0.048685491723474,0.00999999999999801,41.1,"CFN"
"959",-1.07055961070561,-0.330000000000005,40.66,"CFN"
"960",0.442695523856387,0.150000000000006,40.84,"CFN"
"961",0.0244857982370177,0.0799999999999983,40.85,"CFN"
"962",-0.783353733170135,-0.350000000000001,40.53,"CFN"
"963",-0.715519368369107,0.0700000000000003,40.24,"CFN"
"964",3.08151093439363,0.859999999999999,41.48,"CFN"
"965",-1.13307618129219,-0.350000000000001,41.01,"CFN"
"966",1.46305779078274,0.5,41.61,"CFN"
"967",-0.624849795722177,-0.369999999999997,41.35,"CFN"
"968",0.483675937122118,0.209999999999994,41.55,"CFN"
"969",-1.17930204572803,-0.489999999999995,41.06,"CFN"
"970",-0.340964442279592,0.18,40.92,"CFN"
"971",-0.31769305962855,-0.289999999999999,40.79,"CFN"
"972",-1.3483696984555,-0.509999999999998,40.24,"CFN"
"973",0.720675944333994,0.189999999999998,40.53,"CFN"
"974",1.48038490007402,0.57,41.13,"CFN"
"975",-0.826647216143942,-0.439999999999998,40.79,"CFN"
"976",0.269673939691099,0.240000000000002,40.9,"CFN"
"977",-1.71149144254278,-1.05,40.2,"CFN"
"978",-1.29353233830847,-0.560000000000002,39.68,"CFN"
"979",0.478830645161285,0.00999999999999801,39.87,"CFN"
"980",-1.27915726109857,-0.670000000000002,39.36,"CFN"
"981",-0.0508130081300712,-0.0899999999999963,39.34,"CFN"
"982",0.330452465683771,-0.0200000000000031,39.47,"CFN"
"983",1.90017734988599,0.460000000000001,40.22,"CFN"
"984",0.348085529587271,0.00999999999999801,40.36,"CFN"
"985",-0.0743310208126887,0.0300000000000011,40.33,"CFN"
"986",0.99181750557897,0.32,40.73,"CFN"
"987",-0.147311563957759,-0.210000000000001,40.67,"CFN"
"988",-1.99164002950578,-0.75,39.86,"CFN"
"989",-1.9568489713999,-0.75,39.08,"CFN"
"990",2.40532241555784,0.920000000000002,40.02,"CFN"
"991",-2.79860069965019,-1.14,38.9,"CFN"
"992",-1.439588688946,-0.239999999999995,38.34,"CFN"
"993",1.0432968179447,0.190000000000005,38.74,"CFN"
"994",-0.232318017552926,-0.100000000000001,38.65,"CFN"
"995",-0.776196636481235,-0.670000000000002,38.35,"CFN"
"996",0.391134289439371,0.240000000000002,38.5,"CFN"
"997",0,0,38.5,"CFN"
"998",-0.129870129870123,-0.18,38.45,"CFN"
"999",-0.0260078023407155,-0.0800000000000054,38.44,"CFN"
"1000",-0.468262226847034,-0.149999999999999,38.26,"CFN"
"1001",0.339780449555678,-0.0899999999999963,38.39,"CFN"
"1002",-0.599114352696025,-0.130000000000003,38.16,"CFN"
"1003",1.46750524109015,0.420000000000002,38.72,"CFN"
"1004",0.232438016528934,-0.18,38.81,"CFN"
"1005",0.644163875289874,0.340000000000003,39.06,"CFN"
"1006",-0.358422939068102,-0.0899999999999963,38.92,"CFN"
"1007",0.359712230215829,0.0500000000000043,39.06,"CFN"
"1008",0.844854070660518,0.560000000000002,39.39,"CFN"
"1009",-0.152322924600158,0.579999999999998,39.33,"CFN"
"1010",1.8560894991101,0.480000000000004,40.06,"CFN"
"1011",1.2231652521218,0.549999999999997,40.55,"CFN"
"1012",1.10974106041924,0.439999999999998,41,"CFN"
"1013",0.585365853658541,0.140000000000001,41.24,"CFN"
"1014",-0.0242483026188291,-0.0500000000000043,41.23,"CFN"
"1015",-0.0970167353868522,-0.0900000000000034,41.19,"CFN"
"1016",1.65088613741199,0.909999999999997,41.87,"CFN"
"1017",2.12562694053021,1.01,42.76,"CFN"
"1018",0.935453695042092,0.489999999999995,43.16,"CFN"
"1019",-0.48656163113993,-0.169999999999995,42.95,"CFN"
"1020",0.0931315483119887,0,42.99,"CFN"
"1021",-2.34938357757619,-0.940000000000005,41.98,"CFN"
"1022",0.643163411148173,0.240000000000002,42.25,"CFN"
"1023",0,0,42.25,"CFN"
"1024",0.591715976331361,0.18,42.5,"CFN"
"1025",0,-0.119999999999997,42.5,"CFN"
"1026",0.941176470588232,0.299999999999997,42.9,"CFN"
"1027",0.0699300699300726,0.0700000000000003,42.93,"CFN"
"1028",0.0931749359422296,0.00999999999999801,42.97,"CFN"
"1029",0.232720502676289,0.160000000000004,43.07,"CFN"
"1030",1.39308103087997,0.609999999999999,43.67,"CFN"
"1031",0.114495076711695,0.109999999999999,43.72,"CFN"
"1032",0.114364135407146,-0.109999999999999,43.77,"CFN"
"1033",-0.868174548777707,-0.289999999999999,43.39,"CFN"
"1034",0.115233924867474,0.0700000000000003,43.44,"CFN"
"1035",-0.920810313075503,-0.100000000000001,43.04,"CFN"
"1036",-0.418215613382899,-0.18,42.86,"CFN"
"1037",-0.326644890340645,-0.100000000000001,42.72,"CFN"
"1038",0.0936329588014961,-0.109999999999999,42.76,"CFN"
"1039",0.397567820392895,0.159999999999997,42.93,"CFN"
"1040",1.42091777311903,0.630000000000003,43.54,"CFN"
"1041",0.96463022508039,0.439999999999998,43.96,"CFN"
"1042",0.636942675159238,0.100000000000001,44.24,"CFN"
"1043",-0.0452079566003687,0.0700000000000003,44.22,"CFN"
"1044",-0.474898236092268,-0.0900000000000034,44.01,"CFN"
"1045",0.817995910020449,0.329999999999998,44.37,"CFN"
"1046",-0.0676132521974172,-0.139999999999993,44.34,"CFN"
"1047",-0.11276499774471,0.0300000000000011,44.29,"CFN"
"1048",0.135470760894112,-0.0499999999999972,44.35,"CFN"
"1049",2.05186020293122,0.699999999999996,45.26,"CFN"
"1050",0.309323906319047,0.0700000000000003,45.4,"CFN"
"1051",0.506607929515427,0.170000000000002,45.63,"CFN"
"1052",0,0,45.63,"CFN"
"1053",-0.832785448170069,-0.280000000000001,45.25,"CFN"
"1054",-1.54696132596686,-0.700000000000003,44.55,"CFN"
"1055",0.381593714927052,-0.0200000000000031,44.72,"CFN"
"1056",-0.178890876565291,0.219999999999999,44.64,"CFN"
"1057",0.38082437275986,0.109999999999999,44.81,"CFN"
"1058",-0.557911180540058,-0.530000000000001,44.56,"CFN"
"1059",-0.0673249551166991,0.0300000000000011,44.53,"CFN"
"1060",-0.359308331461944,-0.43,44.37,"CFN"
"1061",-0.518368266846962,-0.100000000000001,44.14,"CFN"
"1062",1.04213864975079,0.300000000000004,44.6,"CFN"
"1063",-0.269058295964136,0.109999999999999,44.48,"CFN"
"1064",-0.35971223021582,-0.280000000000001,44.32,"CFN"
"1065",1.19584837545127,0.340000000000003,44.85,"CFN"
"1066",-0.245261984392418,-0.0899999999999963,44.74,"CFN"
"1067",0.178810907465352,0.200000000000003,44.82,"CFN"
"1068",0.423917893797407,0.329999999999998,45.01,"CFN"
"1069",-0.622083981337483,-0.270000000000003,44.73,"CFN"
"1070",0.469483568075119,0.0599999999999952,44.94,"CFN"
"1071",-2.55896751223854,-0.789999999999999,43.79,"CFN"
"1072",-0.0913450559488448,-0.0200000000000031,43.75,"CFN"
"1073",-0.0457142857142929,-0.0800000000000054,43.73,"CFN"
"1074",-1.89801051909444,-0.719999999999999,42.9,"CFN"
"1075",-0.90909090909091,-0.149999999999999,42.51,"CFN"
"1076",-0.940955069395433,-0.490000000000002,42.11,"CFN"
"1077",0.902398480170987,-0.0499999999999972,42.49,"CFN"
"1078",1.64744645799011,0.449999999999996,43.19,"CFN"
"1079",0.254688585320675,0.119999999999997,43.3,"CFN"
"1080",1.82448036951503,0.430000000000007,44.09,"CFN"
"1081",-0.113404400090733,-0.0300000000000011,44.04,"CFN"
"1082",-0.158946412352408,-0.100000000000001,43.97,"CFN"
"1083",1.54650898339777,0.579999999999998,44.65,"CFN"
"1084",0.627099664053754,0.240000000000002,44.93,"CFN"
"1085",-0.0445136879590544,0,44.91,"CFN"
"1086",0.311734580271656,0.0899999999999963,45.05,"CFN"
"1087",0.177580466148736,0.0200000000000031,45.13,"CFN"
"1088",0.26589851539995,-0.0600000000000023,45.25,"CFN"
"1089",0,-0.0499999999999972,45.25,"CFN"
"1090",0.287292817679564,0.150000000000006,45.38,"CFN"
"1091",0.0661084178051874,0.199999999999996,45.41,"CFN"
"1092",1.10107905747633,0.309999999999995,45.91,"CFN"
"1093",0,0,45.91,"CFN"
"1094",0.827706382051846,0.350000000000001,46.29,"CFN"
"1095",-0.540073449989198,-0.410000000000004,46.04,"CFN"
"1096",-0.238922675933969,-0.219999999999999,45.93,"CFN"
"1097",1.13215763117789,0.440000000000005,46.45,"CFN"
"1098",-0.861141011840701,-0.260000000000005,46.05,"CFN"
"1099",-0.36916395222583,-0.0999999999999943,45.88,"CFN"
"1100",1.04620749782039,0.32,46.36,"CFN"
"1101",0.884383088869723,0.590000000000003,46.77,"CFN"
"1102",-0.812486636732954,-0.390000000000001,46.39,"CFN"
"1103",-0.258676438887686,-0.0399999999999991,46.27,"CFN"
"1104",0.497082342770687,0.329999999999998,46.5,"CFN"
"1105",-0.107526881720424,-0.0399999999999991,46.45,"CFN"
"1106",0.581270182992456,0.199999999999996,46.72,"CFN"
"1107",0.0642123287671257,-0.259999999999998,46.75,"CFN"
"1108",-0.855614973262029,-0.390000000000001,46.35,"CFN"
"1109",-0.992448759439053,1.01,45.89,"CFN"
"1110",1.24210067552844,0.550000000000004,46.46,"CFN"
"1111",-1.85105467068446,-0.809999999999995,45.6,"CFN"
"1112",0.30701754385965,0.0200000000000031,45.74,"CFN"
"1113",0.131176213379963,0.369999999999997,45.8,"CFN"
"1114",-1.20087336244541,-0.549999999999997,45.25,"CFN"
"1115",-0.441988950276249,-0.190000000000005,45.05,"CFN"
"1116",0.643729189789137,0.290000000000006,45.34,"CFN"
"1117",1.83061314512571,0.510000000000005,46.17,"CFN"
"1118",22.9153129737925,-0.560000000000002,56.75,"CFN"
"1119",0.528634361233475,0.349999999999994,57.05,"CFN"
"1120",1.01665205959685,0.609999999999999,57.63,"CFN"
"1121",-0.294985250737466,0.0600000000000023,57.46,"CFN"
"1122",-0.41768186564567,-0.189999999999998,57.22,"CFN"
"1123",-0.471862984970283,-0.140000000000001,56.95,"CFN"
"1124",0,-0.149999999999999,56.95,"CFN"
"1125",-0.456540825285347,0.119999999999997,56.69,"CFN"
"1126",-0.635032633621449,0.019999999999996,56.33,"CFN"
"1127",0.0177525297354964,-0.269999999999996,56.34,"CFN"
"1128",0.230741924032651,0.240000000000002,56.47,"CFN"
"1129",0.354170355941213,0.170000000000002,56.67,"CFN"
"1130",0.0352920416446021,0.0300000000000011,56.69,"CFN"
"1131",0.370435702945847,0,56.9,"CFN"
"1132",0.105448154657297,-0.0399999999999991,56.96,"CFN"
"1133",0.0877808988763995,0.00999999999999801,57.01,"CFN"
"1134",0.50868268724785,0.0499999999999972,57.3,"CFN"
"1135",0.226876090750441,0.170000000000002,57.43,"CFN"
"1136",0.156712519589071,0.0900000000000034,57.52,"CFN"
"1137",-0.260778859527131,-0.460000000000001,57.37,"CFN"
"1138",-0.209168554993895,-0.18,57.25,"CFN"
"1139",0.227074235807865,0.0700000000000003,57.38,"CFN"
"1140",0.0522830254443953,-0.190000000000005,57.41,"CFN"
"1141",0.0522557045810854,0.0700000000000003,57.44,"CFN"
"1142",-0.27855153203342,-0.159999999999997,57.28,"CFN"
"1143",0.418994413407825,0.450000000000003,57.52,"CFN"
"1144",-0.0695410292072431,-0.0100000000000051,57.48,"CFN"
"1145",0.139178844815597,0.240000000000002,57.56,"CFN"
"1146",0,0.0200000000000031,57.56,"CFN"
"1147",0.0173731758165358,0.0300000000000011,57.57,"CFN"
"1148",0.243182212958139,0.18,57.71,"CFN"
"1149",0.121296135851673,0.130000000000003,57.78,"CFN"
"1150",-0.0692281066112827,-0.0300000000000011,57.74,"CFN"
"1151",0.917907862833393,0.600000000000001,58.27,"CFN"
"1152",-0.0343229792346029,-0.390000000000001,58.25,"CFN"
"1153",0.30901287553648,0.149999999999999,58.43,"CFN"
"1154",0.564778367277081,0.350000000000001,58.76,"CFN"
"1155",0.782845473110961,0.379999999999995,59.22,"CFN"
"1156",0,0,59.22,"CFN"
"1157",-0.0844309354947605,-0.00999999999999801,59.17,"CFN"
"1158",0.0338009126246341,0.0300000000000011,59.19,"CFN"
"1159",0.050684237202232,-0.00999999999999801,59.22,"CFN"
"1160",-0.135089496791622,-0.0399999999999991,59.14,"CFN"
"1161",0.152181264795395,0.0999999999999943,59.23,"CFN"
"1162",-0.236366706061107,-0.139999999999993,59.09,"CFN"
"1163",0.270773396513787,0.119999999999997,59.25,"CFN"
"1164",-0.185654008438818,0.0700000000000003,59.14,"CFN"
"1165",-0.439634764964488,-0.219999999999999,58.88,"CFN"
"1166",0.203804347826083,0.0300000000000011,59,"CFN"
"1167",-0.237288135593221,-0.0799999999999983,58.86,"CFN"
"1168",-0.237852531430514,-0.259999999999998,58.72,"CFN"
"1169",-0.119209809264306,-0.0799999999999983,58.65,"CFN"
"1170",0.426257459505541,0.170000000000002,58.9,"CFN"
"1171",0.662139219015281,0.289999999999999,59.29,"CFN"
"1172",-0.236127508854783,-0.329999999999998,59.15,"CFN"
"1173",0.101437024513951,0.0300000000000011,59.21,"CFN"
"1174",-0.118223273095761,-0.189999999999998,59.14,"CFN"
"1175",0.0676361176868433,0.0399999999999991,59.18,"CFN"
"1176",0,0,59.18,"CFN"
"1177",0.135180804325783,0.0499999999999972,59.26,"CFN"
"1178",0,0.0499999999999972,59.26,"CFN"
"1179",0.236247046911915,0.149999999999999,59.4,"CFN"
"1180",-0.101010101010093,-0.169999999999995,59.34,"CFN"
"1181",0,0,59.34,"CFN"
"1182",0.15166835187057,-0.100000000000001,59.43,"CFN"
"1183",0.134612148746421,0.100000000000001,59.51,"CFN"
"1184",-0.117627289531172,-0.0800000000000054,59.44,"CFN"
"1185",0.521534320323019,0.170000000000002,59.75,"CFN"
"1186",0.351464435146445,0.0600000000000023,59.96,"CFN"
"1187",-0.200133422281517,-0.0999999999999943,59.84,"CFN"
"1188",-0.0835561497326274,-0.109999999999999,59.79,"CFN"
"1189",-0.200702458605114,-0.269999999999996,59.67,"CFN"
"1190",-0.134070722306014,0.0400000000000063,59.59,"CFN"
"1191",-0.184594730659518,-0.280000000000001,59.48,"CFN"
"1192",0.0336247478143967,0.140000000000001,59.5,"CFN"
"1193",0,0,59.5,"CFN"
"1194",0.0840336134453734,-0.130000000000003,59.55,"CFN"
"1195",0.218303946263648,0.0899999999999963,59.68,"CFN"
"1196",0.502680965147448,0.239999999999995,59.98,"CFN"
"1197",-0.350116705568512,-0.309999999999995,59.77,"CFN"
"1198",0.0669232056215478,0.0600000000000023,59.81,"CFN"
"1199",-0.117037284734995,0.0600000000000023,59.74,"CFN"
"1200",-0.301305657850686,-0.329999999999998,59.56,"CFN"
"1201",0.067159167226325,0.00999999999999801,59.6,"CFN"
"1202",-0.503355704697994,-0.170000000000002,59.3,"CFN"
"1203",0.387858347386179,0.100000000000001,59.53,"CFN"
"1204",0.0335965059633731,0.140000000000001,59.55,"CFN"
"1205",-0.134340890008393,-0.0900000000000034,59.47,"CFN"
"1206",0.807129645199267,0.340000000000003,59.95,"CFN"
"1207",-0.283569641367809,-0.0700000000000003,59.78,"CFN"
"1208",-0.28437604550017,-0.130000000000003,59.61,"CFN"
"1209",0.150981378963267,0,59.7,"CFN"
"1210",0.0335008375209314,0.0600000000000023,59.72,"CFN"
"1211",0.133958472873406,0,59.8,"CFN"
"1212",0.0167224080267644,0.0300000000000011,59.81,"CFN"
"1213",0,0,59.81,"CFN"
"1214",0,0.0900000000000034,59.81,"CFN"
"1215",0.0167196121049958,-0.119999999999997,59.82,"CFN"
"1216",-0.0334336342360467,0.019999999999996,59.8,"CFN"
"1217",0.2675585284281,0.189999999999998,59.96,"CFN"
"1218",0.350233488992663,0.280000000000001,60.17,"CFN"
"1219",0.0830978893136067,0.0499999999999972,60.22,"CFN"
"1220",0,-0.0300000000000011,60.22,"CFN"
"1221",-0.0166057788110229,-0.100000000000001,60.21,"CFN"
"1222",-0.215910978242821,-0.100000000000001,60.08,"CFN"
"1223",0.199733688415454,0.130000000000003,60.2,"CFN"
"1224",-0.116279069767442,-0.00999999999999801,60.13,"CFN"
"1225",0.19956760352569,0.210000000000001,60.25,"CFN"
"1226",0.149377593361002,0.0900000000000034,60.34,"CFN"
"1227",-0.563473649320523,-0.259999999999998,60,"CFN"
"1228",0.0833333333333286,0.0399999999999991,60.05,"CFN"
"1229",-0.532889258950875,-0.220000000000006,59.73,"CFN"
"1230",-0.16742005692281,-0.0700000000000003,59.63,"CFN"
"1231",0.687573369109503,0.199999999999996,60.04,"CFN"
"1232",-0.116588940706196,0.019999999999996,59.97,"CFN"
"1233",-0.10005002501251,-0.0900000000000034,59.91,"CFN"
