"","% change","variation","adjusted","ticker"
"1",0,0.539999999999999,25.73,"FRX"
"2",0.505246793626113,0.329999999999998,25.86,"FRX"
"3",0.773395204949727,0.0599999999999987,26.06,"FRX"
"4",3.6838066001535,0.699999999999999,27.02,"FRX"
"5",0.703182827535164,0.27,27.21,"FRX"
"6",0.330760749724366,0.109999999999999,27.3,"FRX"
"7",0,-0.0299999999999976,27.3,"FRX"
"8",-0.402930402930401,-0.309999999999999,27.19,"FRX"
"9",-0.220669363736676,0.0199999999999996,27.13,"FRX"
"10",0.405455215628453,0.119999999999997,27.24,"FRX"
"11",0.403817914831142,0.140000000000001,27.35,"FRX"
"12",1.02376599634368,0.259999999999998,27.63,"FRX"
"13",1.23054650741947,0.25,27.97,"FRX"
"14",-1.03682516982481,0.100000000000001,27.68,"FRX"
"15",-0.903179190751445,-0.190000000000001,27.43,"FRX"
"16",-0.947867298578192,-0.169999999999998,27.17,"FRX"
"17",-0.220831799779177,-0.0800000000000018,27.11,"FRX"
"18",0.737735153080042,-0.0600000000000023,27.31,"FRX"
"19",2.81948004393995,0.68,28.08,"FRX"
"20",0.854700854700862,0.0700000000000003,28.32,"FRX"
"21",0.247175141242939,0.25,28.39,"FRX"
"22",-0.493131384290245,-0.0199999999999996,28.25,"FRX"
"23",0.283185840707959,-0.16,28.33,"FRX"
"24",0.388280974232273,0.240000000000002,28.44,"FRX"
"25",0.632911392405062,0.150000000000002,28.62,"FRX"
"26",-2.30607966457023,-0.579999999999998,27.96,"FRX"
"27",1.28755364806867,0.210000000000001,28.32,"FRX"
"28",-0.776836158192086,-0.0299999999999976,28.1,"FRX"
"29",-0.818505338078293,-0.369999999999997,27.87,"FRX"
"30",1.93756727664155,0.25,28.41,"FRX"
"31",-0.457585357268564,-0.149999999999999,28.28,"FRX"
"32",1.98019801980198,0.629999999999999,28.84,"FRX"
"33",0.416088765603332,0.0800000000000018,28.96,"FRX"
"34",-2.17541436464089,-0.580000000000002,28.33,"FRX"
"35",-1.8002117896223,-0.59,27.82,"FRX"
"36",-0.251617541337169,0.0899999999999999,27.75,"FRX"
"37",1.94594594594594,0.16,28.29,"FRX"
"38",-0.141392718275006,0,28.25,"FRX"
"39",0.56637168141593,0.16,28.41,"FRX"
"40",0.281590989088343,0.25,28.49,"FRX"
"41",-2.42190242190241,-0.399999999999999,27.8,"FRX"
"42",2.33812949640287,0.509999999999998,28.45,"FRX"
"43",0.66783831282953,0.300000000000001,28.64,"FRX"
"44",-2.47905027932961,-0.580000000000002,27.93,"FRX"
"45",0.322234156820622,0.309999999999999,28.02,"FRX"
"46",-0.499643112062814,-0.0500000000000007,27.88,"FRX"
"47",-0.681492109038729,-0.0399999999999991,27.69,"FRX"
"48",1.26399422174069,0.109999999999999,28.04,"FRX"
"49",0.285306704707567,0.130000000000003,28.12,"FRX"
"50",-1.24466571834993,-0.300000000000001,27.77,"FRX"
"51",-0.612171407994232,0.0400000000000027,27.6,"FRX"
"52",0.869565217391299,0.0300000000000011,27.84,"FRX"
"53",-0.862068965517236,0.0400000000000027,27.6,"FRX"
"54",0.47101449275362,0.350000000000001,27.73,"FRX"
"55",0.721240533717992,0.120000000000001,27.93,"FRX"
"56",0.250626566416041,-0.0399999999999991,28,"FRX"
"57",-1.46428571428571,-0.210000000000001,27.59,"FRX"
"58",-1.08735048930772,-0.220000000000002,27.29,"FRX"
"59",1.31916452913155,0.0599999999999987,27.65,"FRX"
"60",5.56962025316457,0.940000000000001,29.19,"FRX"
"61",1.26755738266529,0.0599999999999987,29.56,"FRX"
"62",-0.372124492557508,0.0799999999999983,29.45,"FRX"
"63",0.0679117147707965,-0.0700000000000003,29.47,"FRX"
"64",0.475059382422805,-0.140000000000001,29.61,"FRX"
"65",0.439040864572776,0.0599999999999987,29.74,"FRX"
"66",0.4034969737727,-0.0300000000000011,29.86,"FRX"
"67",2.64567983924983,0.209999999999997,30.65,"FRX"
"68",2.02283849918434,0.859999999999999,31.27,"FRX"
"69",-0.991365526063315,0.23,30.96,"FRX"
"70",0.936692506459946,0.199999999999999,31.25,"FRX"
"71",1.85599999999999,0.59,31.83,"FRX"
"72",-0.754005655042408,-0.190000000000001,31.59,"FRX"
"73",0.0949667616334319,0.120000000000001,31.62,"FRX"
"74",-2.05566097406705,0.23,30.97,"FRX"
"75",1.22699386503068,0.120000000000001,31.35,"FRX"
"76",-0.893141945773528,-0.25,31.07,"FRX"
"77",0,0.330000000000002,31.07,"FRX"
"78",0.128741551335691,0.0999999999999979,31.11,"FRX"
"79",-0.578592092574734,-0.440000000000001,30.93,"FRX"
"80",0.355641771742643,-0.140000000000001,31.04,"FRX"
"81",-0.869845360824741,-0.350000000000001,30.77,"FRX"
"82",1.75495612609684,0.23,31.31,"FRX"
"83",0.255509421909939,0.190000000000001,31.39,"FRX"
"84",0.254858235106716,-0.0300000000000011,31.47,"FRX"
"85",1.42993326978075,0.380000000000003,31.92,"FRX"
"86",1.00250626566416,0.350000000000001,32.24,"FRX"
"87",1.20967741935484,0.400000000000006,32.63,"FRX"
"88",1.93073858412502,0.469999999999999,33.26,"FRX"
"89",-0.180396873120851,-0.0599999999999952,33.2,"FRX"
"90",0.331325301204818,-0.0899999999999963,33.31,"FRX"
"91",0.840588411888325,0.140000000000001,33.59,"FRX"
"92",-1.69693361119381,-0.209999999999994,33.02,"FRX"
"93",1.15081768625074,0.159999999999997,33.4,"FRX"
"94",-0.0898203592814405,-0.100000000000001,33.37,"FRX"
"95",1.64818699430628,0.420000000000002,33.92,"FRX"
"96",-0.0884433962264184,-0.189999999999998,33.89,"FRX"
"97",-0.265565063440553,-0.0300000000000011,33.8,"FRX"
"98",-0.11834319526627,0.18,33.76,"FRX"
"99",-0.562796208530799,-0.329999999999998,33.57,"FRX"
"100",-1.54900208519512,-0.370000000000005,33.05,"FRX"
"101",0.665658093797295,-0.0799999999999983,33.27,"FRX"
"102",1.11211301472798,0.0200000000000031,33.64,"FRX"
"103",0.267538644470857,0.0599999999999952,33.73,"FRX"
"104",0.711532760154171,-0.120000000000005,33.97,"FRX"
"105",-2.14895496025904,-0.710000000000001,33.24,"FRX"
"106",-1.20336943441636,-0.309999999999995,32.84,"FRX"
"107",0.426309378806314,0.109999999999999,32.98,"FRX"
"108",0.242571255306263,0.190000000000005,33.06,"FRX"
"109",-0.665456745311551,-0.0799999999999983,32.84,"FRX"
"110",-0.669914738124257,-0.0100000000000051,32.62,"FRX"
"111",-0.643776824034337,-0.220000000000006,32.41,"FRX"
"112",-1.5427337241592,-0.34,31.91,"FRX"
"113",0.407395800689436,0.109999999999999,32.04,"FRX"
"114",2.27840199750313,0.510000000000005,32.77,"FRX"
"115",-0.884955752212408,-0.25,32.48,"FRX"
"116",0.0307881773399172,-0.00999999999999801,32.49,"FRX"
"117",-1.56971375807941,-0.290000000000003,31.98,"FRX"
"118",0.594121325828647,0.0399999999999991,32.17,"FRX"
"119",-0.994715573515699,-0.0399999999999991,31.85,"FRX"
"120",1.97802197802196,0.849999999999998,32.48,"FRX"
"121",-1.81650246305418,-0.18,31.89,"FRX"
"122",1.5365318281593,0.109999999999999,32.38,"FRX"
"123",-0.432365657813467,-0.169999999999995,32.24,"FRX"
"124",0.217121588089331,0.130000000000003,32.31,"FRX"
"125",-0.526152893840921,-0.019999999999996,32.14,"FRX"
"126",0,-0.229999999999997,32.14,"FRX"
"127",0.217797137523336,0.0200000000000031,32.21,"FRX"
"128",-0.279416330332206,-0.170000000000002,32.12,"FRX"
"129",1.74346201743463,0.509999999999998,32.68,"FRX"
"130",-0.489596083231324,-0.239999999999995,32.52,"FRX"
"131",0.830258302583014,0.32,32.79,"FRX"
"132",0.945410186032334,0.509999999999998,33.1,"FRX"
"133",1.51057401812689,0.420000000000002,33.6,"FRX"
"134",-2.64880952380953,-0.759999999999998,32.71,"FRX"
"135",-0.397431977988391,-0.359999999999999,32.58,"FRX"
"136",-0.429711479435238,-0.160000000000004,32.44,"FRX"
"137",-1.32552404438964,-0.390000000000001,32.01,"FRX"
"138",1.15588878475478,0.410000000000004,32.38,"FRX"
"139",0.0308832612723842,0.00999999999999801,32.39,"FRX"
"140",-0.833590614387166,-0.240000000000002,32.12,"FRX"
"141",-0.217932752179328,-0.0800000000000054,32.05,"FRX"
"142",-0.249609984399371,-0.0799999999999983,31.97,"FRX"
"143",0.0312793243665986,0.18,31.98,"FRX"
"144",-0.406504065040647,-0.139999999999997,31.85,"FRX"
"145",-1.53846153846154,-0.57,31.36,"FRX"
"146",1.37117346938775,0.449999999999999,31.79,"FRX"
"147",1.38408304498269,0.309999999999995,32.23,"FRX"
"148",-1.67545764815388,-0.639999999999997,31.69,"FRX"
"149",-1.13600504891134,-0.210000000000001,31.33,"FRX"
"150",0.255346313437606,-0.0700000000000003,31.41,"FRX"
"151",0.732250875517353,0.0300000000000011,31.64,"FRX"
"152",-0.252844500632117,-0.0100000000000016,31.56,"FRX"
"153",-0.380228136882121,-0.0899999999999999,31.44,"FRX"
"154",2.60814249363867,-0.539999999999999,32.26,"FRX"
"155",-1.17792932424054,-0.84,31.88,"FRX"
"156",0.345043914680048,0.16,31.99,"FRX"
"157",-1.03157236636448,-0.41,31.66,"FRX"
"158",1.42135186355022,0.32,32.11,"FRX"
"159",0.747430706944883,0.25,32.35,"FRX"
"160",0.834621329211734,0.149999999999999,32.62,"FRX"
"161",-0.551808706315143,-0.300000000000004,32.44,"FRX"
"162",-1.38717632552404,-0.470000000000002,31.99,"FRX"
"163",0.844013754298217,0.229999999999997,32.26,"FRX"
"164",1.70489770613764,0.43,32.81,"FRX"
"165",-0.579091740323087,-0.0600000000000023,32.62,"FRX"
"166",1.47148988350706,0.460000000000001,33.1,"FRX"
"167",0.453172205438062,0.200000000000003,33.25,"FRX"
"168",0.75187969924812,0.149999999999999,33.5,"FRX"
"169",-0.746268656716418,-0.189999999999998,33.25,"FRX"
"170",0.481203007518787,0.169999999999995,33.41,"FRX"
"171",0.448967375037431,0.260000000000005,33.56,"FRX"
"172",0.178784266984491,0.219999999999999,33.62,"FRX"
"173",0.267697798929219,-0.00999999999999801,33.71,"FRX"
"174",0.889943636902988,0.409999999999997,34.01,"FRX"
"175",0.764481034989724,0.290000000000006,34.27,"FRX"
"176",-0.0291800408520721,0.0599999999999952,34.26,"FRX"
"177",0.204319906596615,0.019999999999996,34.33,"FRX"
"178",-4.16545295659773,0.939999999999998,32.9,"FRX"
"179",-2.73556231003039,-0.0799999999999983,32,"FRX"
"180",-0.218750000000001,0.0399999999999991,31.93,"FRX"
"181",-0.156592546194803,-0.120000000000001,31.88,"FRX"
"182",1.63111668757842,-0.0600000000000023,32.4,"FRX"
"183",-1.17283950617283,-1.62,32.02,"FRX"
"184",0.0312304809494004,0.0200000000000031,32.03,"FRX"
"185",2.24789260068685,0.490000000000002,32.75,"FRX"
"186",-0.854961832061072,-0.270000000000003,32.47,"FRX"
"187",-0.677548506313517,-0.340000000000003,32.25,"FRX"
"188",0.775193798449612,0.210000000000001,32.5,"FRX"
"189",0.184615384615392,0.160000000000004,32.56,"FRX"
"190",-1.93488943488944,-0.399999999999999,31.93,"FRX"
"191",0,-0.0300000000000011,31.93,"FRX"
"192",-1.09614782336361,-0.0200000000000031,31.58,"FRX"
"193",-2.50158328055731,-0.140000000000001,30.79,"FRX"
"194",-1.52646963299772,-0.41,30.32,"FRX"
"195",1.08839050131926,0.0199999999999996,30.65,"FRX"
"196",-0.163132137030986,-0.27,30.6,"FRX"
"197",1.66666666666666,0.169999999999998,31.11,"FRX"
"198",-0.932176149148181,-0.309999999999999,30.82,"FRX"
"199",0.778715120051909,0.239999999999998,31.06,"FRX"
"200",0.804893754024469,0.149999999999999,31.31,"FRX"
"201",0.255509421909939,0.0399999999999991,31.39,"FRX"
"202",-1.46543485186365,-0.550000000000001,30.93,"FRX"
"203",0.646621403168443,0.199999999999999,31.13,"FRX"
"204",4.33665274654673,1.15,32.48,"FRX"
"205",-0.554187192118226,-0.190000000000005,32.3,"FRX"
"206",1.54798761609907,0.379999999999995,32.8,"FRX"
"207",0.1829268292683,-0.0900000000000034,32.86,"FRX"
"208",0.517346317711509,0.230000000000004,33.03,"FRX"
"209",0.575234635180132,0.109999999999999,33.22,"FRX"
"210",-0.571944611679704,-0.100000000000001,33.03,"FRX"
"211",-0.544959128065394,-0.269999999999996,32.85,"FRX"
"212",4.17047184170471,1.24,34.22,"FRX"
"213",-0.935125657510229,-0.100000000000001,33.9,"FRX"
"214",-0.0294985250737404,-0.149999999999999,33.89,"FRX"
"215",-0.413101209796402,-0.5,33.75,"FRX"
"216",0.562962962962956,0.109999999999999,33.94,"FRX"
"217",-2.12139068945197,-0.560000000000002,33.22,"FRX"
"218",2.4683925346177,0.82,34.04,"FRX"
"219",-1.93889541715628,-0.989999999999995,33.38,"FRX"
"220",-2.48651887357701,-1.01000000000001,32.55,"FRX"
"221",-0.860215053763423,0.220000000000006,32.27,"FRX"
"222",2.07623179423612,0.479999999999997,32.94,"FRX"
"223",0.819672131147551,0.289999999999999,33.21,"FRX"
"224",0.301114122252338,0.200000000000003,33.31,"FRX"
"225",-0.450315220654475,-0.170000000000002,33.16,"FRX"
"226",4.76477683956576,1.46,34.74,"FRX"
"227",-1.06505469199771,-0.200000000000003,34.37,"FRX"
"228",0,-0.140000000000001,34.37,"FRX"
"229",-0.494617398894369,-0.0899999999999963,34.2,"FRX"
"230",0.175438596491214,-0.240000000000002,34.26,"FRX"
"231",0,0.0499999999999972,34.26,"FRX"
"232",-0.64214827787507,-0.380000000000003,34.04,"FRX"
"233",-1.23384253819037,-0.460000000000001,33.62,"FRX"
"234",2.08209399167163,0.740000000000002,34.32,"FRX"
"235",-0.262237762237772,-0.0900000000000034,34.23,"FRX"
"236",0.642711072158942,0.340000000000003,34.45,"FRX"
"237",0.0580551523947635,0.0600000000000023,34.47,"FRX"
"238",1.97272991006672,0.649999999999999,35.15,"FRX"
"239",0.369843527738272,0.0300000000000011,35.28,"FRX"
"240",0.255102040816316,0.0799999999999983,35.37,"FRX"
"241",-1.49844500989537,-0.119999999999997,34.84,"FRX"
"242",0.344431687715262,0.100000000000001,34.96,"FRX"
"243",1.02974828375286,0.579999999999998,35.32,"FRX"
"244",0.537938844847106,0.309999999999995,35.51,"FRX"
"245",0.760349197409189,0.270000000000003,35.78,"FRX"
"246",0.670765790944667,-0.00999999999999801,36.02,"FRX"
"247",-1.4436424208773,-0.469999999999999,35.5,"FRX"
"248",0.19718309859155,0.0799999999999983,35.57,"FRX"
"249",3.73910598819229,1.31,36.9,"FRX"
"250",-1.59891598915988,-0.5,36.31,"FRX"
"251",1.90030294684659,0.530000000000001,37,"FRX"
"252",0.162162162162168,0.190000000000005,37.06,"FRX"
"253",2.15866162978952,0.799999999999997,37.86,"FRX"
"254",0.237717908082418,0.280000000000001,37.95,"FRX"
"255",1.63372859025032,0.100000000000001,38.57,"FRX"
"256",0.907441016333942,0.0799999999999983,38.92,"FRX"
"257",-0.873586844809875,-0.0799999999999983,38.58,"FRX"
"258",-0.129600829445301,0.0200000000000031,38.53,"FRX"
"259",0.389307033480401,0.0200000000000031,38.68,"FRX"
"260",2.09410548086867,0.82,39.49,"FRX"
"261",1.67130919220055,0.460000000000001,40.15,"FRX"
"262",-0.423412204234126,-0.370000000000005,39.98,"FRX"
"263",-0.22511255627813,0.460000000000001,39.89,"FRX"
"264",-1.40386061669592,-0.670000000000002,39.33,"FRX"
"265",-0.0762776506483629,-0.100000000000001,39.3,"FRX"
"266",1.04325699745548,0.219999999999999,39.71,"FRX"
"267",-0.0251825736590229,-0.029999999999994,39.7,"FRX"
"268",-0.906801007556674,-0.309999999999995,39.34,"FRX"
"269",2.10981189628876,0.600000000000001,40.17,"FRX"
"270",-1.39407518048295,-0.630000000000003,39.61,"FRX"
"271",-1.48952284776571,-0.709999999999994,39.02,"FRX"
"272",2.30650948231676,0.560000000000002,39.92,"FRX"
"273",-1.37775551102205,-0.0600000000000023,39.37,"FRX"
"274",-1.70180340360679,-0.339999999999996,38.7,"FRX"
"275",-0.232558139534893,-0.170000000000002,38.61,"FRX"
"276",1.06190106190107,0.18,39.02,"FRX"
"277",-0.589441312147627,-0.289999999999999,38.79,"FRX"
"278",-0.850734725444698,-0.439999999999998,38.46,"FRX"
"279",-1.32605304212168,-0.439999999999998,37.95,"FRX"
"280",1.23847167325428,0.240000000000002,38.42,"FRX"
"281",0.286309213951066,-0.129999999999995,38.53,"FRX"
"282",0.545029846872569,0.120000000000005,38.74,"FRX"
"283",-0.542075374290142,-0.18,38.53,"FRX"
"284",-0.778614066960821,-0.0700000000000003,38.23,"FRX"
"285",-0.470834423227831,-0.380000000000003,38.05,"FRX"
"286",-1.78712220762155,-0.480000000000004,37.37,"FRX"
"287",-0.642226384800629,-0.279999999999994,37.13,"FRX"
"288",-0.188526797737679,0.130000000000003,37.06,"FRX"
"289",-1.07933081489478,-0.790000000000006,36.66,"FRX"
"290",-1.85488270594653,-0.43,35.98,"FRX"
"291",0.0555864369094028,0.0300000000000011,36,"FRX"
"292",-3.33333333333334,-0.770000000000003,34.8,"FRX"
"293",-3.10344827586206,-1.51,33.72,"FRX"
"294",-1.77935943060499,0.019999999999996,33.12,"FRX"
"295",4.98188405797103,1.53,34.77,"FRX"
"296",-4.40034512510785,-0.909999999999997,33.24,"FRX"
"297",2.55716004813478,0.770000000000003,34.09,"FRX"
"298",0.469345849222636,-0.159999999999997,34.25,"FRX"
"299",0.700729927007305,0.109999999999999,34.49,"FRX"
"300",2.37750072484778,-0.229999999999997,35.31,"FRX"
"301",-2.43557065986972,-1.08,34.45,"FRX"
"302",-3.68650217706822,0.0399999999999991,33.18,"FRX"
"303",-1.05485232067511,-0.140000000000001,32.83,"FRX"
"304",-0.121839780688392,-0.509999999999998,32.79,"FRX"
"305",1.95181457761513,0.490000000000002,33.43,"FRX"
"306",0.777744540831583,0.419999999999995,33.69,"FRX"
"307",-1.6325319085782,-0.689999999999998,33.14,"FRX"
"308",0.512975256487633,0.400000000000006,33.31,"FRX"
"309",1.86130291203842,0.299999999999997,33.93,"FRX"
"310",0.648393751842024,0.350000000000001,34.15,"FRX"
"311",0.263543191800888,-0.0700000000000003,34.24,"FRX"
"312",-1.13901869158879,-0.519999999999996,33.85,"FRX"
"313",-2.21565731166913,-0.0700000000000003,33.1,"FRX"
"314",0.15105740181268,1.1,33.15,"FRX"
"315",2.86576168929111,0.719999999999999,34.1,"FRX"
"316",-0.733137829912023,-0.149999999999999,33.85,"FRX"
"317",-3.24963072378139,-0.770000000000003,32.75,"FRX"
"318",-0.549618320610686,0.100000000000001,32.57,"FRX"
"319",0.429843414184834,-0.0399999999999991,32.71,"FRX"
"320",0.366860287373884,0.0799999999999983,32.83,"FRX"
"321",0.609198903441982,-0.0499999999999972,33.03,"FRX"
"322",0.454132606721158,-0.0200000000000031,33.18,"FRX"
"323",-2.20012055455092,0.710000000000004,32.45,"FRX"
"324",-0.215716486902928,-0.119999999999997,32.38,"FRX"
"325",-2.99567634342187,-0.889999999999997,31.41,"FRX"
"326",-2.22858962113976,0.0500000000000007,30.71,"FRX"
"327",0.521002930641485,0.240000000000002,30.87,"FRX"
"328",1.36054421768707,0.0899999999999999,31.29,"FRX"
"329",-0.159795461808887,-0.57,31.24,"FRX"
"330",-1.28040973111395,-0.550000000000001,30.84,"FRX"
"331",0.745784695201039,-0.27,31.07,"FRX"
"332",-0.901190859349859,-0.0100000000000016,30.79,"FRX"
"333",-3.41019811627152,-0.84,29.74,"FRX"
"334",0.941492938802963,0.620000000000001,30.02,"FRX"
"335",3.86409060626249,-1.05,31.18,"FRX"
"336",2.24502886465683,0.48,31.88,"FRX"
"337",-0.407779171894602,-0.350000000000001,31.75,"FRX"
"338",1.60629921259842,0.0700000000000003,32.26,"FRX"
"339",-0.0309981401115871,0.210000000000001,32.25,"FRX"
"340",-0.0310077519379783,-0.100000000000001,32.24,"FRX"
"341",0.093052109181145,0.200000000000003,32.27,"FRX"
"342",0.898667493027577,0.0399999999999991,32.56,"FRX"
"343",-1.32063882063882,-0.359999999999999,32.13,"FRX"
"344",-2.05415499533148,1.14,31.47,"FRX"
"345",-1.23927550047665,-0.280000000000001,31.08,"FRX"
"346",-0.579150579150578,-0.390000000000001,30.9,"FRX"
"347",1.1326860841424,0.129999999999999,31.25,"FRX"
"348",1.184,0.290000000000003,31.62,"FRX"
"349",-2.43516761543327,-0.719999999999999,30.85,"FRX"
"350",-0.0972447325769891,-0.329999999999998,30.82,"FRX"
"351",2.56327060350422,0.0799999999999983,31.61,"FRX"
"352",0.537804492249294,0.16,31.78,"FRX"
"353",-1.51038388923852,-0.00999999999999801,31.3,"FRX"
"354",-2.65175718849841,-0.240000000000002,30.47,"FRX"
"355",0.262553331145395,-0.300000000000001,30.55,"FRX"
"356",0.883797054009819,0.0100000000000016,30.82,"FRX"
"357",-1.07073329007139,-0.0600000000000023,30.49,"FRX"
"358",0.295178747130206,0.0799999999999983,30.58,"FRX"
"359",0.882930019620677,0.190000000000001,30.85,"FRX"
"360",-2.59319286871961,-0.379999999999999,30.05,"FRX"
"361",0.0332778702162995,-0.23,30.06,"FRX"
"362",1.53027278775782,0.0799999999999983,30.52,"FRX"
"363",-0.786369593709038,-0.119999999999997,30.28,"FRX"
"364",-0.0990752972258954,0.129999999999999,30.25,"FRX"
"365",-1.6198347107438,-0.299999999999997,29.76,"FRX"
"366",-1.34408602150538,-0.27,29.36,"FRX"
"367",-0.272479564032692,-0.23,29.28,"FRX"
"368",-0.922131147540982,0.0500000000000007,29.01,"FRX"
"369",0.758359186487414,0.34,29.23,"FRX"
"370",-1.57372562435854,-0.23,28.77,"FRX"
"371",0,0,28.77,"FRX"
"372",-0.486618004866182,-0.109999999999999,28.63,"FRX"
"373",1.81627663290255,0,29.15,"FRX"
"374",-0.445969125214405,-0.18,29.02,"FRX"
"375",3.23914541695383,0.27,29.96,"FRX"
"376",-0.166889185580777,0.0399999999999991,29.91,"FRX"
"377",-0.0668672684720815,-0.140000000000001,29.89,"FRX"
"378",-0.0669120107059203,-0.309999999999999,29.87,"FRX"
"379",0.602611315701372,0.16,30.05,"FRX"
"380",0.532445923460899,0.300000000000001,30.21,"FRX"
"381",-1.95299569678914,-0.379999999999999,29.62,"FRX"
"382",0.135043889264008,0.0300000000000011,29.66,"FRX"
"383",-1.31490222521915,-0.16,29.27,"FRX"
"384",-0.956610864366249,-0.41,28.99,"FRX"
"385",-1.51776474646429,-0.239999999999998,28.55,"FRX"
"386",0.980735551663739,0.0199999999999996,28.83,"FRX"
"387",0.693721817551172,0.0300000000000011,29.03,"FRX"
"388",-0.861178091629349,-0.25,28.78,"FRX"
"389",2.46699096594857,0.419999999999998,29.49,"FRX"
"390",0.881654798236696,0.23,29.75,"FRX"
"391",1.2436974789916,0.310000000000002,30.12,"FRX"
"392",1.09561752988047,0.300000000000001,30.45,"FRX"
"393",0,0,30.45,"FRX"
"394",-0.0328407224958884,0.150000000000002,30.44,"FRX"
"395",-1.01839684625494,-0.34,30.13,"FRX"
"396",0.497842681712586,0.0400000000000027,30.28,"FRX"
"397",-0.066050198150593,0.0600000000000023,30.26,"FRX"
"398",0,0,30.26,"FRX"
"399",1.28883013879708,0.0199999999999996,30.65,"FRX"
"400",-0.717781402936375,-0.190000000000001,30.43,"FRX"
"401",0.328623069339472,0.280000000000001,30.53,"FRX"
"402",0.229282672780872,0.130000000000003,30.6,"FRX"
"403",0.686274509803913,0.25,30.81,"FRX"
"404",0.811424862057773,0.0599999999999987,31.06,"FRX"
"405",0.354153251770776,0.240000000000002,31.17,"FRX"
"406",0.545396214308624,0.0700000000000003,31.34,"FRX"
"407",-1.40395660497767,-0.25,30.9,"FRX"
"408",0,0,30.9,"FRX"
"409",3.81877022653722,0.259999999999998,32.08,"FRX"
"410",0.374064837905251,0.140000000000001,32.2,"FRX"
"411",0.0931677018633355,0.0499999999999972,32.23,"FRX"
"412",-0.186161960905973,-0.100000000000001,32.17,"FRX"
"413",-0.0932545850171002,-0.0300000000000011,32.14,"FRX"
"414",-0.0933416303671473,0.0899999999999963,32.11,"FRX"
"415",-0.965431329803796,-0.209999999999997,31.8,"FRX"
"416",-0.471698113207554,-0.310000000000002,31.65,"FRX"
"417",0.410742496050561,0.170000000000002,31.78,"FRX"
"418",-0.440528634361235,-0.0199999999999996,31.64,"FRX"
"419",0.442477876106196,-0.00999999999999801,31.78,"FRX"
"420",0,-0.219999999999999,31.78,"FRX"
"421",-0.503461296412839,-0.219999999999999,31.62,"FRX"
"422",0.727387729285264,-0.00999999999999801,31.85,"FRX"
"423",0.282574568288854,0.18,31.94,"FRX"
"424",-0.375704445835945,-0.0500000000000007,31.82,"FRX"
"425",-0.502828409805154,-0.219999999999999,31.66,"FRX"
"426",-0.410612760581172,-0.379999999999999,31.53,"FRX"
"427",0.0317158261972661,0.169999999999998,31.54,"FRX"
"428",0,-0.130000000000003,31.54,"FRX"
"429",0.285351934051997,0.149999999999999,31.63,"FRX"
"430",-0.727157761618718,-0.260000000000002,31.4,"FRX"
"431",1.56050955414013,0.170000000000002,31.89,"FRX"
"432",0.439009093759801,0.00999999999999801,32.03,"FRX"
"433",0,0,32.03,"FRX"
"434",-0.0936621916952892,-0.0700000000000003,32,"FRX"
"435",-0.5,0.359999999999999,31.84,"FRX"
"436",1.16206030150754,0.449999999999999,32.21,"FRX"
"437",0.24837007140639,-0.100000000000001,32.29,"FRX"
"438",0.154846701765266,0.270000000000003,32.34,"FRX"
"439",1.11317254174397,0.140000000000001,32.7,"FRX"
"440",-0.550458715596329,-0.209999999999994,32.52,"FRX"
"441",0.461254612546121,0.149999999999999,32.67,"FRX"
"442",-0.612182430364257,-0.230000000000004,32.47,"FRX"
"443",0.338774253156758,0.149999999999999,32.58,"FRX"
"444",-1.01289134438305,-0.130000000000003,32.25,"FRX"
"445",1.2093023255814,0.270000000000003,32.64,"FRX"
"446",0.674019607843134,-0.0300000000000011,32.86,"FRX"
"447",1.79549604382229,0.530000000000001,33.45,"FRX"
"448",-0.627802690582962,-0.259999999999998,33.24,"FRX"
"449",1.38387484957882,0.350000000000001,33.7,"FRX"
"450",-0.0296735905044662,0.0399999999999991,33.69,"FRX"
"451",0.356188780053442,0.130000000000003,33.81,"FRX"
"452",-0.769003253475318,-0.290000000000006,33.55,"FRX"
"453",0.0894187779433715,0.140000000000001,33.58,"FRX"
"454",-0.416914830256107,0.0499999999999972,33.44,"FRX"
"455",-0.29904306220094,-0.0499999999999972,33.34,"FRX"
"456",1.85962807438512,0.82,33.96,"FRX"
"457",0.588928150765594,0.139999999999993,34.16,"FRX"
"458",1.84426229508197,0.350099999999998,34.79,"FRX"
"459",-0.172463351537805,-0.130000000000003,34.73,"FRX"
"460",-0.316729052692195,-0.18,34.62,"FRX"
"461",0.0288850375505636,0.260000000000005,34.63,"FRX"
"462",0.173260179035504,-0.0399999999999991,34.69,"FRX"
"463",-0.288267512251353,0.270000000000003,34.59,"FRX"
"464",0.462561433940435,0.0600000000000023,34.75,"FRX"
"465",-0.316546762589926,0.0799999999999983,34.64,"FRX"
"466",-0.0866050808314121,0.0600000000000023,34.61,"FRX"
"467",0,0,34.61,"FRX"
"468",-1.93585668881827,-0.120000000000005,33.94,"FRX"
"469",-1.79728933411903,-0.600000000000001,33.33,"FRX"
"470",0.630063006300633,0,33.54,"FRX"
"471",0.566487775790095,0.0899999999999963,33.73,"FRX"
"472",-0.830121553513175,-0.289999999999999,33.45,"FRX"
"473",0.56801195814648,0.119999999999997,33.64,"FRX"
"474",3.95362663495838,0.969999999999999,34.97,"FRX"
"475",-1.88733199885615,-0.349999999999994,34.31,"FRX"
"476",-1.31157097056253,-0.600000000000001,33.86,"FRX"
"477",0.0295333727111577,-0.0399999999999991,33.87,"FRX"
"478",-1.24003542958369,-0.219999999999999,33.45,"FRX"
"479",0.269058295964114,0.149999999999999,33.54,"FRX"
"480",1.520572450805,0.339999999999996,34.05,"FRX"
"481",1.76211453744494,0.699999999999996,34.65,"FRX"
"482",0.779220779220788,0.190000000000005,34.92,"FRX"
"483",-0.257731958762896,-0.100000000000001,34.83,"FRX"
"484",-0.545506747057128,-0.219999999999999,34.64,"FRX"
"485",-0.461893764434191,-0.0200000000000031,34.48,"FRX"
"486",-0.638051044083523,-0.240000000000002,34.26,"FRX"
"487",-0.963222416812605,-0.170000000000002,33.93,"FRX"
"488",0.589448865310943,0.220000000000006,34.13,"FRX"
"489",-0.175798417814246,0.119999999999997,34.07,"FRX"
"490",-0.352216025829168,0.160000000000004,33.95,"FRX"
"491",0.117820324005888,-0.159999999999997,33.99,"FRX"
"492",0.735510444248308,0.32,34.24,"FRX"
"493",-0.613317757009348,0.109999999999999,34.03,"FRX"
"494",-1.29297678518953,-0.209999999999994,33.59,"FRX"
"495",0.833581423042554,0.25,33.87,"FRX"
"496",-0.767640980218477,-0.340000000000003,33.61,"FRX"
"497",-1.2198750371913,-0.559999999999995,33.2,"FRX"
"498",1.47590361445782,0.479999999999997,33.69,"FRX"
"499",-0.207776788364501,-0.130000000000003,33.62,"FRX"
"500",-2.05234979179059,-0.509999999999998,32.93,"FRX"
"501",1.21469784391132,0.299999999999997,33.33,"FRX"
"502",0.150015001500163,0.100000000000001,33.38,"FRX"
"503",0,0,33.38,"FRX"
"504",0.689035350509278,-0.00999999999999801,33.61,"FRX"
"505",0.148765248437956,0.119999999999997,33.66,"FRX"
"506",3.98098633392752,0.960000000000001,35,"FRX"
"507",-2.02857142857143,-0.310000000000002,34.29,"FRX"
"508",0.583260425780119,0.160000000000004,34.49,"FRX"
"509",0.521890403015366,0.370000000000005,34.67,"FRX"
"510",1.78828958753965,0.359999999999999,35.29,"FRX"
"511",-0.736752621139127,-0.439999999999998,35.03,"FRX"
"512",1.88409934341992,0.699999999999996,35.69,"FRX"
"513",-3.53040067245727,-0.460000000000001,34.43,"FRX"
"514",0.319488817891372,0.159999999999997,34.54,"FRX"
"515",0.0579038795599396,-0.0300000000000011,34.56,"FRX"
"516",0.954861111111106,0.280000000000001,34.89,"FRX"
"517",-1.26110633419317,-0.509999999999998,34.45,"FRX"
"518",0.75471698113207,0.289999999999999,34.71,"FRX"
"519",-0.115240564678764,-0.0700000000000003,34.67,"FRX"
"520",-0.288433804441885,-0.130000000000003,34.57,"FRX"
"521",-2.11165750650852,-0.659999999999997,33.84,"FRX"
"522",0.738770685579196,-0.169999999999995,34.09,"FRX"
"523",-1.99471985919627,-0.430000000000007,33.41,"FRX"
"524",-0.568692008380718,-0.189999999999998,33.22,"FRX"
"525",2.49849488260084,1.01,34.05,"FRX"
"526",0.205580029368577,0.390000000000001,34.12,"FRX"
"527",2.54982415005863,0.0600000000000023,34.99,"FRX"
"528",2.28636753358102,1.06,35.79,"FRX"
"529",0.949986029617221,0.450000000000003,36.13,"FRX"
"530",0,0,36.13,"FRX"
"531",-1.54995848325492,-0.520000000000003,35.57,"FRX"
"532",-0.253022209727308,0.189999999999998,35.48,"FRX"
"533",1.26832018038332,0.43,35.93,"FRX"
"534",-0.612301697745613,-0.299999999999997,35.71,"FRX"
"535",-1.12013441612993,-0.339999999999996,35.31,"FRX"
"536",0.028320589068247,0.229999999999997,35.32,"FRX"
"537",0.113250283125705,0.0300000000000011,35.36,"FRX"
"538",-0.509049773755655,-0.280000000000001,35.18,"FRX"
"539",1.81921546333144,0.420000000000002,35.82,"FRX"
"540",-0.1395868230039,0.120000000000005,35.77,"FRX"
"541",-1.00642996924799,-0.370000000000005,35.41,"FRX"
"542",-1.44027110985597,-0.469999999999999,34.9,"FRX"
"543",-1.77650429799426,-0.269999999999996,34.28,"FRX"
"544",-1.66277712952159,-0.740000000000002,33.71,"FRX"
"545",-0.830614061109466,-0.270000000000003,33.43,"FRX"
"546",0.239306012563561,-0.510000000000005,33.51,"FRX"
"547",1.58161742763355,0.289999999999999,34.04,"FRX"
"548",-0.616921269095185,-0.149999999999999,33.83,"FRX"
"549",-0.827667750517296,-0.220000000000006,33.55,"FRX"
"550",-1.72876304023845,-0.780000000000001,32.97,"FRX"
"551",-1.00090991810737,0.0600000000000023,32.64,"FRX"
"552",2.75735294117647,0.420000000000002,33.54,"FRX"
"553",0.149075730471092,0.0900000000000034,33.59,"FRX"
"554",0.119083060434651,0.0200000000000031,33.63,"FRX"
"555",-0.683913172762426,-0.32,33.4,"FRX"
"556",0.209580838323354,0.560000000000002,33.47,"FRX"
"557",0.866447564983565,0.460000000000001,33.76,"FRX"
"558",0.56279620853082,0.350000000000001,33.95,"FRX"
"559",0.0883652430044007,0.029999999999994,33.98,"FRX"
"560",-0.294290759270142,-0.0899999999999963,33.88,"FRX"
"561",0.236127508854777,0.280000000000001,33.96,"FRX"
"562",0.736160188457008,0.259999999999998,34.21,"FRX"
"563",0.116924875767317,0.00999999999999801,34.25,"FRX"
"564",0.496350364963509,0.0900000000000034,34.42,"FRX"
"565",0.319581638582218,0.219999999999999,34.53,"FRX"
"566",0.260642919200684,0.0599999999999952,34.62,"FRX"
"567",0.173310225303299,0.0600000000000023,34.68,"FRX"
"568",0.0288350634371338,0.00999999999999801,34.69,"FRX"
"569",0.144133756125697,0.0200000000000031,34.74,"FRX"
"570",-0.230282095567085,-0.130000000000003,34.66,"FRX"
"571",1.09636468551645,0.380000000000003,35.04,"FRX"
"572",-0.998858447488589,-0.590000000000003,34.69,"FRX"
"573",0,0,34.69,"FRX"
"574",1.06658979533008,0.460000000000001,35.06,"FRX"
"575",-0.39931545921278,-0.189999999999998,34.92,"FRX"
"576",2.14776632302405,0.600000000000001,35.67,"FRX"
"577",-0.841042893187565,-0.230000000000004,35.37,"FRX"
"578",-1.55499010460842,-0.770000000000003,34.82,"FRX"
"579",-0.430786904078112,-0.219999999999999,34.67,"FRX"
"580",-0.0576867608883851,-0.170000000000002,34.65,"FRX"
"581",1.47186147186147,0.609999999999999,35.16,"FRX"
"582",-0.82480091012514,-0.25,34.87,"FRX"
"583",1.11843991970175,0.309999999999995,35.26,"FRX"
"584",0.283607487237667,0.0700000000000003,35.36,"FRX"
"585",-1.30090497737557,-0.5,34.9,"FRX"
"586",1.2893982808023,0.509999999999998,35.35,"FRX"
"587",0.961810466760951,-0.0600000000000023,35.69,"FRX"
"588",2.24152423648082,0.93,36.49,"FRX"
"589",-1.06878596875857,-0.640000000000001,36.1,"FRX"
"590",-0.526315789473698,-0.160000000000004,35.91,"FRX"
"591",-1.00250626566416,-0.520000000000003,35.55,"FRX"
"592",0.168776371308023,-0.00999999999999801,35.61,"FRX"
"593",1.09519797809604,0.219999999999999,36,"FRX"
"594",0.138888888888881,0.0399999999999991,36.05,"FRX"
"595",1.55339805825243,0.560000000000002,36.61,"FRX"
"596",2.15788036055722,0.490000000000002,37.4,"FRX"
"597",0.0534759358288854,-0.0700000000000003,37.42,"FRX"
"598",-0.13361838588991,0.0499999999999972,37.37,"FRX"
"599",-2.06047631790205,-0.68,36.6,"FRX"
"600",-0.546448087431702,-0.140000000000001,36.4,"FRX"
"601",0.329670329670342,-0.209999999999994,36.52,"FRX"
"602",-0.65717415115006,-0.369999999999997,36.28,"FRX"
"603",0.882028665931644,0.200000000000003,36.6,"FRX"
"604",-3.19672131147541,-0.5,35.43,"FRX"
"605",-0.366920688681915,-2.04000000000001,35.3,"FRX"
"606",0.0566572237960429,0.18,35.32,"FRX"
"607",-1.18912797281994,-0.310000000000002,34.9,"FRX"
"608",-0.802292263610318,-0.220000000000006,34.62,"FRX"
"609",-0.866551126516456,-0.259999999999998,34.32,"FRX"
"610",-0.320512820512819,-0.289999999999999,34.21,"FRX"
"611",1.19847997661501,0.239999999999995,34.62,"FRX"
"612",-1.29982668977468,-0.489999999999995,34.17,"FRX"
"613",0,0,34.17,"FRX"
"614",0,0,34.17,"FRX"
"615",-1.34621012584138,-1.13,33.71,"FRX"
"616",1.89854642539306,0.5,34.35,"FRX"
"617",-0.611353711790395,-0.409999999999997,34.14,"FRX"
"618",-0.351493848857638,0.130000000000003,34.02,"FRX"
"619",0.0293944738389124,0.109999999999999,34.03,"FRX"
"620",-2.02762268586541,-0.519999999999996,33.34,"FRX"
"621",-1.13977204559089,-0.390000000000001,32.96,"FRX"
"622",0.576456310679605,0.240000000000002,33.15,"FRX"
"623",-1.65912518853694,-0.57,32.6,"FRX"
"624",-0.552147239263803,-0.0300000000000011,32.42,"FRX"
"625",-1.07958050586058,-0.339999999999996,32.07,"FRX"
"626",0.499220455254131,0.190100000000001,32.2301,"FRX"
"627",0.278931805982607,0.100000000000001,32.32,"FRX"
"628",0.433168316831685,-0.109999999999999,32.46,"FRX"
"629",1.07825015403574,0.370000000000005,32.81,"FRX"
"630",0.243828101188657,0.109999999999999,32.89,"FRX"
"631",0,0,32.89,"FRX"
"632",1.30738826391,0.380000000000003,33.32,"FRX"
"633",0.510204081632658,0.649999999999999,33.49,"FRX"
"634",0.0895789787996451,0.140000000000001,33.52,"FRX"
"635",0.805489260143186,0.420000000000002,33.79,"FRX"
"636",2.3379698135543,0.619999999999997,34.58,"FRX"
"637",2.54482359745518,0.609999999999999,35.46,"FRX"
"638",-0.305696559503675,-0.228400000000001,35.3516,"FRX"
"639",0.250059403251904,0.280000000000001,35.44,"FRX"
"640",1.91704288939052,0.629399999999997,36.1194,"FRX"
"641",-1.05040504548801,-0.350000000000001,35.74,"FRX"
"642",-0.0559597090095219,-0.0600000000000023,35.72,"FRX"
"643",2.71556550951847,0.789999999999999,36.69,"FRX"
"644",0.354319978195701,0.0799999999999983,36.82,"FRX"
"645",-1.38511678435632,-0.539999999999999,36.31,"FRX"
"646",-1.12916551914074,-0.310000000000002,35.9,"FRX"
"647",-0.557103064066841,-0.0799999999999983,35.7,"FRX"
"648",0.420168067226887,0.120000000000005,35.85,"FRX"
"649",0.418410041841,0.149999999999999,36,"FRX"
"650",-1.27777777777778,-0.390000000000001,35.54,"FRX"
"651",0.253235790658423,-0.119999999999997,35.63,"FRX"
"652",-1.23491439797924,-0.25,35.19,"FRX"
"653",0.0284171639670506,0.120000000000005,35.2,"FRX"
"654",0,0,35.2,"FRX"
"655",-0.170454545454552,-0.100000000000001,35.14,"FRX"
"656",-0.91064314171884,-0.259999999999998,34.82,"FRX"
"657",0.0574382538770911,0.160000000000004,34.84,"FRX"
"658",1.37772675086107,0.600000000000001,35.32,"FRX"
"659",0,0,35.32,"FRX"
"660",1.41562853907135,0.0600000000000023,35.82,"FRX"
"661",1.28419877163596,0.550000000000004,36.28,"FRX"
"662",2.17750826901874,0.68,37.07,"FRX"
"663",0,0.100000000000001,37.07,"FRX"
"664",-1.07903965470731,-0.32,36.67,"FRX"
"665",0.681756203981456,0.149999999999999,36.92,"FRX"
"666",1.02925243770313,0.259999999999998,37.3,"FRX"
"667",2.171581769437,0.130000000000003,38.11,"FRX"
"668",-1.36447126738388,-0.449999999999996,37.59,"FRX"
"669",0.691673317371636,1.53,37.85,"FRX"
"670",-3.38177014531044,-1.04,36.57,"FRX"
"671",1.23051681706317,0.32,37.02,"FRX"
"672",-0.675310642895732,-0.18,36.77,"FRX"
"673",0,0,36.77,"FRX"
"674",0.516725591514816,0.160000000000004,36.96,"FRX"
"675",-0.351731601731609,-0.0700000000000003,36.83,"FRX"
"676",-0.190062449090416,-0.120000000000005,36.76,"FRX"
"677",0.0816104461371086,-0.100000000000001,36.79,"FRX"
"678",-0.78825767871704,-0.469999999999999,36.5,"FRX"
"679",-0.246575342465763,-0.130000000000003,36.41,"FRX"
"680",-0.357044767920888,-0.229999999999997,36.28,"FRX"
"681",0.0551267916207167,-0.0200000000000031,36.3,"FRX"
"682",0.495867768595041,0.0799999999999983,36.48,"FRX"
"683",-1.64473684210525,-0.279999999999994,35.88,"FRX"
"684",0.195094760312152,-0.209999999999994,35.95,"FRX"
"685",-0.639777468706548,-0.100000000000001,35.72,"FRX"
"686",-0.671892497200454,-0.18,35.48,"FRX"
"687",0.0845546786922242,0.0399999999999991,35.51,"FRX"
"688",-0.0844832441565788,0.019999999999996,35.48,"FRX"
"689",0.732807215332596,0.289999999999999,35.74,"FRX"
"690",0.167879127028526,-0.0100000000000051,35.8,"FRX"
"691",-0.195530726256984,0.0799999999999983,35.73,"FRX"
"692",0.755667506297238,0.189999999999998,36,"FRX"
"693",0,0,36,"FRX"
"694",0.944444444444454,0.360000000000007,36.34,"FRX"
"695",0.192625206384131,0.159999999999997,36.41,"FRX"
"696",-0.1373249107388,0.0600000000000023,36.36,"FRX"
"697",0.852585258525859,0.260000000000005,36.67,"FRX"
"698",-0.736296700299981,-0.259999999999998,36.4,"FRX"
"699",0.467032967032972,0.0499999999999972,36.57,"FRX"
"700",1.33989608969101,0.5,37.06,"FRX"
"701",-0.701565029681611,-0.32,36.8,"FRX"
"702",-0.108695652173911,0.119999999999997,36.76,"FRX"
"703",1.22415669205659,0.600000000000001,37.21,"FRX"
"704",0.725611394786337,0.129999999999995,37.48,"FRX"
"705",-0.506937033084306,-0.200000000000003,37.29,"FRX"
"706",0.241351568785206,-0.0399999999999991,37.38,"FRX"
"707",1.39111824505082,0.399999999999999,37.9,"FRX"
"708",0.659630606860158,0.369999999999997,38.15,"FRX"
"709",-0.288335517693314,-0.100000000000001,38.04,"FRX"
"710",-0.972660357518395,-0.379999999999995,37.67,"FRX"
"711",0.690204406689668,0.240000000000002,37.93,"FRX"
"712",0.290007909306616,0.199999999999996,38.04,"FRX"
"713",-1.13038906414301,-0.0300000000000011,37.61,"FRX"
"714",-0.0265886732252008,-0.0399999999999991,37.6,"FRX"
"715",1.09042553191488,0.219999999999999,38.01,"FRX"
"716",-0.210470928702968,0.119999999999997,37.93,"FRX"
"717",-0.395465330872656,-0.219999999999999,37.78,"FRX"
"718",-0.899947061937542,-0.270000000000003,37.44,"FRX"
"719",0.721153846153854,0.100000000000001,37.71,"FRX"
"720",-0.583399628745688,-0.019999999999996,37.49,"FRX"
"721",1.46705788210189,0.519999999999996,38.04,"FRX"
"722",0,0,38.04,"FRX"
"723",-0.473186119873816,-0.0499999999999972,37.86,"FRX"
"724",-0.290544109878498,-0.170000000000002,37.75,"FRX"
"725",-0.821192052980138,-0.300000000000004,37.44,"FRX"
"726",0.587606837606835,0.18,37.66,"FRX"
"727",-0.371747211895893,0.130000000000003,37.52,"FRX"
"728",-0.0799573560767621,0.0600000000000023,37.49,"FRX"
"729",-0.400106695118695,-0.139999999999993,37.34,"FRX"
"730",1.95500803427958,0.630000000000003,38.07,"FRX"
"731",0.630417651694253,0.300000000000004,38.31,"FRX"
"732",-0.835291046724094,-0.18,37.99,"FRX"
"733",-4.94867070281654,-1.78,36.11,"FRX"
"734",-1.19080587094987,-0.579999999999998,35.68,"FRX"
"735",-0.252242152466357,-0.00999999999999801,35.59,"FRX"
"736",-0.42146670413039,-0.0700000000000003,35.44,"FRX"
"737",1.32618510158013,0.329999999999998,35.91,"FRX"
"738",0.640490114174336,0.219999999999999,36.14,"FRX"
"739",1.96458218040952,0.759999999999998,36.85,"FRX"
"740",0.379918588873814,0.0900000000000034,36.99,"FRX"
"741",-0.108137334414704,-0.229999999999997,36.95,"FRX"
"742",0.216508795669819,0.0600000000000023,37.03,"FRX"
"743",0.486092357547933,0.0399999999999991,37.21,"FRX"
"744",0.53748992206395,0.239999999999995,37.41,"FRX"
"745",-1.01577118417534,-0.18,37.03,"FRX"
"746",0.189035916824197,-0.109999999999999,37.1,"FRX"
"747",1.26684636118598,0.219999999999999,37.57,"FRX"
"748",-0.984828320468452,-0.369999999999997,37.2,"FRX"
"749",-0.618279569892484,-0.230000000000004,36.97,"FRX"
"750",1.97457397890182,0.700000000000003,37.7,"FRX"
"751",0.689655172413788,0.350000000000001,37.96,"FRX"
"752",0.790305584826125,0.519999999999996,38.26,"FRX"
"753",-0.26136957658129,0.00999999999999801,38.16,"FRX"
"754",1.38888888888889,0.509999999999998,38.69,"FRX"
"755",0.852933574567086,0.350000000000001,39.02,"FRX"
"756",-0.820092260379293,-0.189999999999998,38.7,"FRX"
"757",-0.439276485788118,-0.210000000000001,38.53,"FRX"
"758",-1.4274591227615,-0.550000000000004,37.98,"FRX"
"759",-0.157977883096354,0,37.92,"FRX"
"760",-1.08122362869199,-0.370000000000005,37.51,"FRX"
"761",5.38523060517196,1.52,39.53,"FRX"
"762",-0.758917278016707,0.0599999999999952,39.23,"FRX"
"763",0,0,39.23,"FRX"
"764",3.00790211572776,1.05,40.41,"FRX"
"765",-1.23731749566939,-0.160000000000004,39.91,"FRX"
"766",0.751691305437244,0.350000000000001,40.21,"FRX"
"767",-1.14399403133549,-0.259999999999998,39.75,"FRX"
"768",0.955974842767302,0.380000000000003,40.13,"FRX"
"769",-0.0996760528283059,0.110000000000007,40.09,"FRX"
"770",-0.349214267897233,-0.140000000000001,39.95,"FRX"
"771",0.951188986232779,0.329999999999998,40.33,"FRX"
"772",0.297545251673703,0.130000000000003,40.45,"FRX"
"773",1.43386897404202,0.68,41.03,"FRX"
"774",-2.92468925176701,-0.68,39.83,"FRX"
"775",-0.276173738388148,-0.579999999999998,39.72,"FRX"
"776",2.34138972809668,0.780000000000001,40.65,"FRX"
"777",1.05781057810578,0.519999999999996,41.08,"FRX"
"778",0.486854917234671,0.0399999999999991,41.28,"FRX"
"779",0.702519379844959,0.359999999999999,41.57,"FRX"
"780",0.649506855905709,0.480000000000004,41.84,"FRX"
"781",-3.94359464627152,-1.22,40.19,"FRX"
"782",1.59243592933566,-0.380000000000003,40.83,"FRX"
"783",-0.906196424197887,0.00999999999999801,40.46,"FRX"
"784",0.469599604547696,-0.0700000000000003,40.65,"FRX"
"785",0.098400984009838,-0.240000000000002,40.69,"FRX"
"786",0.63897763578276,0.0300000000000011,40.95,"FRX"
"787",0.122100122100115,0.0799999999999983,41,"FRX"
"788",1.75609756097561,0.670000000000002,41.72,"FRX"
"789",-0.0239693192713279,0.0200000000000031,41.71,"FRX"
"790",0.28770079117717,0.369999999999997,41.83,"FRX"
"791",0,0,41.83,"FRX"
"792",1.33875209180015,0.210000000000001,42.39,"FRX"
"793",0.235904694503424,0.140000000000001,42.49,"FRX"
"794",0.258884443398445,-0.210000000000001,42.6,"FRX"
"795",1.76056338028169,0.690000000000005,43.35,"FRX"
"796",1.01499423298731,0.159999999999997,43.79,"FRX"
"797",0.296871431833758,0.18,43.92,"FRX"
"798",0.136612021857912,0.149999999999999,43.98,"FRX"
"799",-1.38699408822192,-0.660000000000004,43.37,"FRX"
"800",-0.046114825916523,0.00999999999999801,43.35,"FRX"
"801",0.322952710495964,0.18,43.49,"FRX"
"802",0.620832375258671,0.359999999999999,43.76,"FRX"
"803",-0.0228519195612386,-0.0900000000000034,43.75,"FRX"
"804",1.14285714285714,0.25,44.25,"FRX"
"805",-0.135593220338988,-0.410000000000004,44.19,"FRX"
"806",-0.452591083955636,-0.189999999999998,43.99,"FRX"
"807",0.954762446010444,0.419999999999995,44.41,"FRX"
"808",-1.86894843503715,-0.340000000000003,43.58,"FRX"
"809",0.435979807251044,0.110000000000007,43.77,"FRX"
"810",-0.479780671692942,-0.379999999999995,43.56,"FRX"
"811",2.52525252525251,0.699999999999996,44.66,"FRX"
"812",0.111957008508742,0.109999999999999,44.71,"FRX"
"813",-0.380228136882133,0.00999999999999801,44.54,"FRX"
"814",-0.449034575662316,-0.189999999999998,44.34,"FRX"
"815",-0.383400992331984,-0.129999999999995,44.17,"FRX"
"816",0.430156214625306,-0.0200000000000031,44.36,"FRX"
"817",-1.23985572587916,-0.689999999999998,43.81,"FRX"
"818",-0.821730198584797,-0.109999999999999,43.45,"FRX"
"819",-0.253164556962024,-0.129999999999995,43.34,"FRX"
"820",-0.138440239963088,-0.100000000000001,43.28,"FRX"
"821",-1.54805914972274,-0.210000000000001,42.61,"FRX"
"822",-0.422436047876085,-0.00999999999999801,42.43,"FRX"
"823",-0.42422814046665,-0.00999999999999801,42.25,"FRX"
"824",0.497041420118345,0.210000000000001,42.46,"FRX"
"825",0.730098916627419,0.420000000000002,42.77,"FRX"
"826",0.51437923778349,0.340000000000003,42.99,"FRX"
"827",-0.441963247266817,-0.18,42.8,"FRX"
"828",0.373831775700943,0.0700000000000003,42.96,"FRX"
"829",-1.6294227188082,-0.32,42.26,"FRX"
"830",0.591575958353053,0.32,42.51,"FRX"
"831",0.564573041637267,0.380000000000003,42.75,"FRX"
"832",-0.514619883040933,-0.18,42.53,"FRX"
"833",0,0,42.53,"FRX"
"834",0.681871620032916,-0.0899999999999963,42.82,"FRX"
"835",1.35450723960766,0.600000000000001,43.4,"FRX"
"836",-0.138248847926256,0.0100000000000051,43.34,"FRX"
"837",-0.299953853253351,-0.18,43.21,"FRX"
"838",0.485998611432541,0.240000000000002,43.42,"FRX"
"839",0.322432058959006,-0.449999999999996,43.56,"FRX"
"840",1.76767676767676,0.829999999999998,44.33,"FRX"
"841",-0.157906609519513,-0.0800000000000054,44.26,"FRX"
"842",-0.316312697695437,-0.100000000000001,44.12,"FRX"
"843",1.22393472348141,0.0799999999999983,44.66,"FRX"
"844",-0.134348410210468,-0.149999999999999,44.6,"FRX"
"845",0.403587443946188,0.109999999999999,44.78,"FRX"
"846",-0.826261723983931,-0.400000000000006,44.41,"FRX"
"847",-0.315244314343602,-0.189999999999998,44.27,"FRX"
"848",-1.31014230856111,-0.520000000000003,43.69,"FRX"
"849",-0.846875715266646,-0.490000000000002,43.32,"FRX"
"850",-0.461680517082186,-0.130000000000003,43.12,"FRX"
"851",0.417439703153988,0.0499999999999972,43.3,"FRX"
"852",-0.300230946882207,0.0799999999999983,43.17,"FRX"
"853",-0.880240908037995,-0.210000000000001,42.79,"FRX"
"854",1.14512736620706,0.380000000000003,43.28,"FRX"
"855",-0.392791127541594,0.210000000000001,43.11,"FRX"
"856",-0.48712595685456,-0.190000000000005,42.9,"FRX"
"857",0.862470862470873,0.280000000000001,43.27,"FRX"
"858",-0.924428010168721,-0.120000000000005,42.87,"FRX"
"859",-0.513179379519475,-0.149999999999999,42.65,"FRX"
"860",0.0937866354044529,0.0700000000000003,42.69,"FRX"
"861",0.773014757554475,-0.119999999999997,43.02,"FRX"
"862",0.650860065085993,0.299999999999997,43.3,"FRX"
"863",0.230946882217093,0.329999999999998,43.4,"FRX"
"864",-0.852534562211976,-0.219999999999999,43.03,"FRX"
"865",2.60283523123402,0.719999999999999,44.15,"FRX"
"866",1.29105322763307,0.600000000000001,44.72,"FRX"
"867",-0.626118067978536,-0.370000000000005,44.44,"FRX"
"868",-0.292529252925282,-0.140000000000001,44.31,"FRX"
"869",5.03272399006995,1.44,46.54,"FRX"
"870",0.0644606789858211,0.0399999999999991,46.57,"FRX"
"871",1.4601674898003,0.460000000000001,47.25,"FRX"
"872",0.190476190476198,-0.389999999999993,47.34,"FRX"
"873",-0.992817912970017,-0.310000000000002,46.87,"FRX"
"874",0.768081928739064,0.139999999999993,47.23,"FRX"
"875",-0.889265297480404,-0.439999999999998,46.81,"FRX"
"876",0.469985045930354,0.219999999999999,47.03,"FRX"
"877",0.255156283223469,-0.120000000000005,47.15,"FRX"
"878",-0.339342523860014,-0.18,46.99,"FRX"
"879",-0.170248989146638,-0.0200000000000031,46.91,"FRX"
"880",1.06587081645705,0.139999999999993,47.41,"FRX"
"881",-0.210925964986278,-0.189999999999998,47.31,"FRX"
"882",1.4584654407102,0.770000000000003,48,"FRX"
"883",2,0.969999999999999,48.96,"FRX"
"884",0.653594771241831,0.57,49.28,"FRX"
"885",2.3538961038961,1.26,50.44,"FRX"
"886",1.48691514670896,0.68,51.19,"FRX"
"887",0.918148075796052,0.549999999999997,51.66,"FRX"
"888",-0.425861401471155,-0.390000000000001,51.44,"FRX"
"889",-0.23328149300155,-0.119999999999997,51.32,"FRX"
"890",0.194855806703043,0.109999999999999,51.42,"FRX"
"891",-0.466744457409572,0.189999999999998,51.18,"FRX"
"892",0.781555295037121,0.229999999999997,51.58,"FRX"
"893",-0.756107018224119,-0.469999999999999,51.19,"FRX"
"894",0.800937683141246,-0.309999999999995,51.6,"FRX"
"895",-1.1046511627907,-0.57,51.03,"FRX"
"896",0,0,51.03,"FRX"
"897",0.548696844993144,0.0900000000000034,51.31,"FRX"
"898",9.76417852270512,2.76,56.32,"FRX"
"899",0.213068181818177,-0.710000000000001,56.44,"FRX"
"900",-0.301204819277099,-0.129999999999995,56.27,"FRX"
"901",-0.924115869912925,0,55.75,"FRX"
"902",2.08071748878923,0.699999999999996,56.91,"FRX"
"903",-0.825865401511156,-0.0300000000000011,56.44,"FRX"
"904",-1.98440822111977,-0.960000000000001,55.32,"FRX"
"905",-0.126536514822849,-0.259999999999998,55.25,"FRX"
"906",-0.470588235294114,-0.0599999999999952,54.99,"FRX"
"907",0.854700854700853,0.210000000000001,55.46,"FRX"
"908",-0.234403173458353,-0.25,55.33,"FRX"
"909",0.542201337429973,0.100000000000001,55.63,"FRX"
"910",2.42674815746898,1.4,56.98,"FRX"
"911",-0.0877500877500828,-0.57,56.93,"FRX"
"912",0.685051818022133,0.210000000000001,57.32,"FRX"
"913",1.48290300069784,0.670000000000002,58.17,"FRX"
"914",0.739212652570053,0.590000000000003,58.6,"FRX"
"915",0,0,58.6,"FRX"
"916",0.938566552901019,0.530000000000001,59.15,"FRX"
"917",0.760777683854612,0.5,59.6,"FRX"
"918",0.989932885906034,0.530000000000001,60.19,"FRX"
"919",-0.26582488785512,-0.0300000000000011,60.03,"FRX"
"920",0,0,60.03,"FRX"
"921",-0.666333499916706,-0.369999999999997,59.63,"FRX"
"922",-0.0167700821734112,-0.109999999999999,59.62,"FRX"
"923",-1.92888292519289,-1.29,58.47,"FRX"
"924",0.495980844877714,0.189999999999998,58.76,"FRX"
"925",17.9373723621511,0.469999999999999,69.3,"FRX"
"926",-0.187590187590181,0.0900000000000034,69.17,"FRX"
"927",-0.245771288130695,-0.200000000000003,69,"FRX"
"928",-1.84057971014492,-0.799999999999997,67.73,"FRX"
"929",3.30724937250848,1.19,69.97,"FRX"
"930",-1.24339002429613,-0.670000000000002,69.1,"FRX"
"931",-1.18668596237336,-0.599999999999994,68.28,"FRX"
"932",0.67369654364381,-1.84,68.74,"FRX"
"933",0,0,68.74,"FRX"
"934",-1.07652022112307,-4.03,68,"FRX"
"935",-1.44117647058824,-1.36,67.02,"FRX"
"936",0.70128319904506,0.649999999999991,67.49,"FRX"
"937",-3.76352052155874,-2.20999999999999,64.95,"FRX"
"938",0.292532717474977,-0.290000000000006,65.14,"FRX"
"939",1.4737488486337,0.689999999999998,66.1,"FRX"
"940",-1.93645990922844,-0.0900000000000034,64.82,"FRX"
"941",2.28324591175564,0.759999999999991,66.3,"FRX"
"942",0,0.700000000000003,66.3,"FRX"
"943",-2.80542986425339,-1.86,64.44,"FRX"
"944",2.6691495965239,0.890000000000001,66.16,"FRX"
"945",0.93712212817413,0.989999999999995,66.78,"FRX"
"946",-0.793650793650795,-0.540000000000006,66.25,"FRX"
"947",3.98490566037736,2.61,68.89,"FRX"
"948",0.362897372623022,0.620000000000005,69.14,"FRX"
"949",0.52068267283772,0.5,69.5,"FRX"
"950",-0.100719424460422,-0.179999999999993,69.43,"FRX"
"951",1.31067261990494,1.12,70.34,"FRX"
"952",1.49274950241683,1.18000000000001,71.39,"FRX"
"953",0,0,71.39,"FRX"
"954",27.5248634262502,-1.75999999999999,91.04,"FRX"
"955",3.22934973637961,2.33,93.98,"FRX"
"956",3.5326665247925,3.45,97.3,"FRX"
"957",-0.431654676258995,0.449999999999989,96.88,"FRX"
"958",1.41412056151941,1.98999999999999,98.25,"FRX"
"959",1.32315521628498,1.13,99.55,"FRX"
"960",0.170768458061277,0.219999999999999,99.72,"FRX"
"961",-0.160449257922179,-0.329999999999998,99.56,"FRX"
"962",-1.99879469666534,-2.32000000000001,97.57,"FRX"
"963",-0.830173208978157,1.38000000000001,96.76,"FRX"
"964",2.68706076891277,1.51000000000001,99.36,"FRX"
"965",-0.634057971014488,-0.560000000000002,98.73,"FRX"
"966",-3.59566494479894,-3.56999999999999,95.18,"FRX"
"967",-0.525320445471738,-0.899999999999991,94.68,"FRX"
"968",-1.64765525982256,-1.5,93.12,"FRX"
"969",0.773195876288658,0.590000000000003,93.84,"FRX"
"970",0.788576300085246,0.929999999999993,94.58,"FRX"
"971",-0.41234933389723,-0.640000000000001,94.19,"FRX"
"972",1.40142265633295,1.46000000000001,95.51,"FRX"
"973",-0.272222803894885,-0.459999999999994,95.25,"FRX"
"974",1.48031496062992,1.31999999999999,96.66,"FRX"
"975",-0.682805710738668,-0.75,96,"FRX"
"976",-0.322916666666669,-0.359999999999999,95.69,"FRX"
"977",-4.90124359912216,-4.98,91,"FRX"
"978",1.64835164835165,-0.560000000000002,92.5,"FRX"
"979",-0.054054054054051,-0.409999999999997,92.45,"FRX"
"980",-1.24391563007031,-1.39,91.3,"FRX"
"981",-0.10952902519167,-0.129999999999995,91.2,"FRX"
"982",0.372807017543863,0.100000000000009,91.54,"FRX"
"983",0.797465588813622,0.549999999999997,92.27,"FRX"
"984",1.12712691015499,0.790000000000006,93.31,"FRX"
"985",-0.139320544421815,-0.22999999999999,93.18,"FRX"
"986",-0.568791586177292,-0.609999999999999,92.65,"FRX"
"987",-2.25580140313006,-2.41,90.56,"FRX"
"988",-2.19743816254418,-1.82000000000001,88.57,"FRX"
"989",-1.52421813255052,-1.27,87.22,"FRX"
"990",4.29947259802798,2.52,90.97,"FRX"
"991",-3.93536330658459,-3.42,87.39,"FRX"
"992",-0.720906282183311,0.210000000000008,86.76,"FRX"
"993",0.115260488704466,-0.570000000000007,86.86,"FRX"
"994",1.7038913193645,0.969999999999999,88.34,"FRX"
"995",2.20738057505094,0.990000000000009,90.29,"FRX"
"996",-0.786355078081745,-0.25,89.58,"FRX"
"997",0,0,89.58,"FRX"
"998",1.8977450323733,1.61,91.28,"FRX"
"999",0.931200701139345,0.5,92.13,"FRX"
"1000",-0.521002930641474,-0.36999999999999,91.65,"FRX"
"1001",-0.218221494817243,-0.459999999999994,91.45,"FRX"
"1002",-1.76052487698196,-1.31999999999999,89.84,"FRX"
"1003",-0.378450578806771,-1.16,89.5,"FRX"
"1004",0.256983240223468,-1.06,89.73,"FRX"
"1005",2.42951075448567,0.569999999999993,91.91,"FRX"
"1006",1.51234903710151,1.27,93.3,"FRX"
"1007",-1.91854233654876,-2.00999999999999,91.51,"FRX"
"1008",2.16369795650747,2.39999999999999,93.49,"FRX"
"1009",-1.82907262808856,-0.980000000000004,91.78,"FRX"
"1010",-0.239703639137066,-0.349999999999994,91.56,"FRX"
"1011",-1.82394058540848,-1.3,89.89,"FRX"
"1012",-0.43386361108021,-0.239999999999995,89.5,"FRX"
"1013",2.59217877094971,1.53999999999999,91.82,"FRX"
"1014",1.29601394031803,1.02000000000001,93.01,"FRX"
"1015",-0.24728523814644,0.189999999999998,92.78,"FRX"
"1016",-0.20478551411942,0.159999999999997,92.59,"FRX"
"1017",0.745220866184251,0.879999999999995,93.28,"FRX"
"1018",0.235849056603772,0.5,93.5,"FRX"
"1019",-0.898395721925137,-0.719999999999999,92.66,"FRX"
"1020",0.982085042089355,1.13999999999999,93.57,"FRX"
"1021",1.64582665384205,2.03,95.11,"FRX"
"1022",0.483650509935857,0.5,95.57,"FRX"
"1023",0,0,95.57,"FRX"
"1024",0.355760175787385,-0.140000000000001,95.91,"FRX"
"1025",-1.4388489208633,-1.40000000000001,94.53,"FRX"
"1026",1.29059557812335,1.04000000000001,95.75,"FRX"
"1027",-1.01305483028721,-0.519999999999996,94.78,"FRX"
"1028",0.791306182738974,0.530000000000001,95.53,"FRX"
"1029",0.732754108656969,0.740000000000009,96.23,"FRX"
"1030",-1.51719837888393,-1.23,94.77,"FRX"
"1031",-0.960219478737994,-0.739999999999995,93.86,"FRX"
"1032",0.404858299595137,0.439999999999998,94.24,"FRX"
"1033",-0.201612903225804,0.0900000000000034,94.05,"FRX"
"1034",-0.26581605528974,0.259999999999991,93.8,"FRX"
"1035",1.40724946695097,2.12,95.12,"FRX"
"1036",-0.788477712363331,0.180000000000007,94.37,"FRX"
"1037",0.222528345872622,-0.0300000000000011,94.58,"FRX"
"1038",0.41234933389723,0.609999999999999,94.97,"FRX"
"1039",1.70580183215753,2.16,96.59,"FRX"
"1040",0.900714359664551,0.769999999999996,97.46,"FRX"
"1041",-0.523291606813042,-0.439999999999998,96.95,"FRX"
"1042",-0.0825167612171205,0.579999999999998,96.87,"FRX"
"1043",1.94074532879116,0.590000000000003,98.75,"FRX"
"1044",1.30632911392406,1.06,100.04,"FRX"
"1045",-0.509796081567378,-0.700000000000003,99.53,"FRX"
"1046",0.4320305435547,0.439999999999998,99.96,"FRX"
"1047",-0.190076030412163,0.289999999999992,99.77,"FRX"
"1048",-0.771775082690183,-1.16,99,"FRX"
