"","% change","variation","adjusted","ticker"
"1",0,0.32,14.73,"CBG"
"2",1.08621860149355,0.470000000000001,14.89,"CBG"
"3",1.94761584956346,0.119999999999999,15.18,"CBG"
"4",3.68906455862978,0.300000000000001,15.74,"CBG"
"5",1.20711562897077,0.289999999999999,15.93,"CBG"
"6",-0.188323917137472,-0.0999999999999996,15.9,"CBG"
"7",-2.13836477987421,-0.359999999999999,15.56,"CBG"
"8",-1.09254498714653,-0.42,15.39,"CBG"
"9",-2.98895386614685,-0.470000000000001,14.93,"CBG"
"10",0.803750837240462,0.130000000000001,15.05,"CBG"
"11",-3.25581395348837,-0.299999999999999,14.56,"CBG"
"12",2.67857142857142,0.229999999999999,14.95,"CBG"
"13",-1.67224080267559,-0.25,14.7,"CBG"
"14",-5.10204081632653,-0.430000000000001,13.95,"CBG"
"15",-2.43727598566308,-0.300000000000001,13.61,"CBG"
"16",-0.440852314474642,-0.0800000000000001,13.55,"CBG"
"17",-1.99261992619927,-0.600000000000001,13.28,"CBG"
"18",-2.03313253012048,-0.630000000000001,13.01,"CBG"
"19",5.30361260568793,0.59,13.7,"CBG"
"20",0.36496350364964,-0.119999999999999,13.75,"CBG"
"21",1.09090909090909,0.140000000000001,13.9,"CBG"
"22",0.215827338129492,0.0700000000000003,13.93,"CBG"
"23",0.646087580760947,-0.0999999999999996,14.02,"CBG"
"24",-0.64194008559201,0.00999999999999979,13.93,"CBG"
"25",1.57932519741565,0.18,14.15,"CBG"
"26",-3.18021201413428,-0.23,13.7,"CBG"
"27",0.729927007299281,0.0300000000000011,13.8,"CBG"
"28",2.10144927536231,0.48,14.09,"CBG"
"29",-1.20652945351313,-0.470000000000001,13.92,"CBG"
"30",5.45977011494253,0.51,14.68,"CBG"
"31",3.47411444141689,0.539999999999999,15.19,"CBG"
"32",2.50164581961818,0.4,15.57,"CBG"
"33",-1.02761721258831,-0.359999999999999,15.41,"CBG"
"34",7.59247242050615,-0.0200000000000031,16.58,"CBG"
"35",-0.603136308805777,-0.109999999999999,16.48,"CBG"
"36",3.15533980582524,0.82,17,"CBG"
"37",2.23528823529413,0.0800000000000018,17.379999,"CBG"
"38",-2.35903350742425,-0.350000999999999,16.969999,"CBG"
"39",1.17855634523019,0.139999000000003,17.17,"CBG"
"40",-1.339539895166,-0.0599990000000012,16.940001,"CBG"
"41",0.177083814812069,0.369999,16.969999,"CBG"
"42",1.29641728323023,0.0799999999999983,17.190001,"CBG"
"43",0.52356017896683,0.310001999999997,17.280001,"CBG"
"44",-4.22454836663493,-0.380001,16.549999,"CBG"
"45",-2.11479166856747,0.200001,16.200001,"CBG"
"46",-0.308648129095805,-0.0300000000000011,16.15,"CBG"
"47",0,0.100000999999999,16.15,"CBG"
"48",3.34365944272446,0.340000999999997,16.690001,"CBG"
"49",1.01857393537605,0.130001,16.860001,"CBG"
"50",-2.60973294129697,-0.270000999999997,16.42,"CBG"
"51",-0.487210718635821,0.0899999999999999,16.34,"CBG"
"52",-0.611995104039176,-0.260000000000002,16.24,"CBG"
"53",-1.72413793103447,-0.00999999999999979,15.96,"CBG"
"54",2.00501879699247,0.460000999999998,16.280001,"CBG"
"55",-1.9656079873705,-0.460000000000001,15.96,"CBG"
"56",3.32080200501252,0.350000999999999,16.49,"CBG"
"57",-3.39599757428744,-0.459999,15.93,"CBG"
"58",3.07595731324546,0.510000000000002,16.42,"CBG"
"59",3.7758891595615,0.270001000000001,17.040001,"CBG"
"60",4.04928966846892,0.580000000000002,17.73,"CBG"
"61",1.24084038353074,0,17.950001,"CBG"
"62",0.11140946454544,0.289999000000002,17.969999,"CBG"
"63",1.83639409217551,0.279999,18.299999,"CBG"
"64",-1.20218039356178,-0.540001,18.08,"CBG"
"65",0.940265486725673,0.190000999999999,18.25,"CBG"
"66",0.657539726027389,-0.279999,18.370001,"CBG"
"67",-1.46979306098022,-0.199998999999998,18.1,"CBG"
"68",2.26519337016575,0.540001,18.51,"CBG"
"69",-2.26904376012967,-0.190000999999999,18.09,"CBG"
"70",0.939745715865128,0.0800000000000018,18.26,"CBG"
"71",2.68346111719605,0.43,18.75,"CBG"
"72",-1.22666666666667,-0.309999999999999,18.52,"CBG"
"73",-1.9438444924406,-0.329999999999998,18.16,"CBG"
"74",-2.31277533039649,-0.170000000000002,17.74,"CBG"
"75",6.03156144306653,0.729999000000003,18.809999,"CBG"
"76",-1.5417278863226,-0.309999999999999,18.52,"CBG"
"77",1.88985421166306,0.329999999999998,18.870001,"CBG"
"78",-2.33174868406207,-0.25,18.43,"CBG"
"79",-0.813884970157358,-0.289999000000002,18.280001,"CBG"
"80",-0.820579823819469,-0.290001,18.129999,"CBG"
"81",-2.42690581505274,-0.449998000000001,17.690001,"CBG"
"82",1.92198971611138,0.890001999999999,18.030001,"CBG"
"83",3.10592883494572,0.57,18.59,"CBG"
"84",0.268956428187196,-0.0500019999999992,18.639999,"CBG"
"85",1.12661486730767,0.170000000000002,18.85,"CBG"
"86",-0.583554376657841,-0.0899999999999999,18.74,"CBG"
"87",2.50799893276415,0.559999000000001,19.209999,"CBG"
"88",3.69599706902641,0.520000000000003,19.92,"CBG"
"89",-1.9578263052209,-0.349998000000003,19.530001,"CBG"
"90",-2.96978991450128,-0.799999,18.950001,"CBG"
"91",0.58046434931587,0.0100000000000016,19.059999,"CBG"
"92",-3.8300054475344,-0.370001000000002,18.33,"CBG"
"93",2.78232405891981,0.41,18.84,"CBG"
"94",-1.48620488322717,-0.350000999999999,18.559999,"CBG"
"95",1.72413802392985,0.330000000000002,18.879999,"CBG"
"96",-0.105921615779752,-0.159998999999999,18.860001,"CBG"
"97",0.212083763940406,0.229999999999997,18.9,"CBG"
"98",-2.96296296296296,-0.140000000000001,18.34,"CBG"
"99",-0.10905125408942,-0.120000999999998,18.32,"CBG"
"100",0.16375545851529,0.140001000000002,18.35,"CBG"
"101",1.36239782016349,0.110000000000003,18.6,"CBG"
"102",0.215048387096764,-0.180001000000001,18.639999,"CBG"
"103",1.28755371714345,0.229999000000003,18.879999,"CBG"
"104",4.29026505774707,0.600000999999999,19.690001,"CBG"
"105",0.812590106013721,0.130001,19.85,"CBG"
"106",0.251889168765729,0.16,19.9,"CBG"
"107",-2.01005025125627,-0.43,19.5,"CBG"
"108",3.53846666666666,0.739999999999998,20.190001,"CBG"
"109",-0.148593355691258,0.200001,20.16,"CBG"
"110",-1.78571924603175,-0.180001000000001,19.799999,"CBG"
"111",0.606065687175045,0.0400010000000002,19.92,"CBG"
"112",-4.41766566265061,-0.529999,19.040001,"CBG"
"113",-0.682778325484332,-0.130001,18.91,"CBG"
"114",0.317287149656273,-0.310001999999997,18.969999,"CBG"
"115",-2.21402225693318,-0.270001000000001,18.549999,"CBG"
"116",1.2399030318007,0.460000999999998,18.780001,"CBG"
"117",-1.38445679528984,0.0999999999999979,18.52,"CBG"
"118",2.32181965442765,0.240002,18.950001,"CBG"
"119",0.686010517888616,0.159999999999997,19.08,"CBG"
"120",-0.628936058700202,0.129999000000002,18.959999,"CBG"
"121",1.21309078128115,0.340000999999997,19.190001,"CBG"
"122",-0.573220397435104,-0.490000000000002,19.08,"CBG"
"123",1.57232180293503,0.219999000000001,19.379999,"CBG"
"124",2.78638301271326,0.620001000000002,19.92,"CBG"
"125",0.301204819277102,0.129999999999999,19.98,"CBG"
"126",0.350345345345342,-0.190000999999999,20.049999,"CBG"
"127",-1.14712723925821,-0.210000999999998,19.82,"CBG"
"128",-0.605443995963673,-0.239999999999998,19.700001,"CBG"
"129",2.53807093715376,0.460001000000002,20.200001,"CBG"
"130",-0.148519794627726,-0.120000999999998,20.17,"CBG"
"131",1.14030738720871,0.209999,20.4,"CBG"
"132",-0.784313725490197,-0.16,20.24,"CBG"
"133",1.0375543478261,0.140001999999999,20.450001,"CBG"
"134",0.24449387557487,0.0599990000000012,20.5,"CBG"
"135",1.90243414634146,0.189997999999999,20.889999,"CBG"
"136",2.01053145095891,0.329999000000001,21.309999,"CBG"
"137",-0.140769598346779,-0.109998000000001,21.280001,"CBG"
"138",-1.59774428582029,-0.329999000000001,20.940001,"CBG"
"139",0.33428365165791,0.16,21.01,"CBG"
"140",-1.47548310328416,-0.369999,20.700001,"CBG"
"141",0.193231874723089,0.020000999999997,20.74,"CBG"
"142",0.192868852459017,0.0500009999999982,20.780001,"CBG"
"143",-1.44370060424924,-0.280000000000001,20.48,"CBG"
"144",2.58789062500001,0.330000000000002,21.01,"CBG"
"145",-2.76059019514518,-0.640000000000001,20.43,"CBG"
"146",0.930009789525202,0.320001999999999,20.620001,"CBG"
"147",0.581954384968264,0.119999,20.74,"CBG"
"148",-0.192859209257464,-0.119999,20.700001,"CBG"
"149",-0.579714947839867,-0.0599990000000012,20.58,"CBG"
"150",1.36054907677358,0.180001000000001,20.860001,"CBG"
"151",1.43815429347295,0.0499989999999997,21.16,"CBG"
"152",0.708879962192822,0.189998000000003,21.309999,"CBG"
"153",3.0971376394715,0.670000000000002,21.969999,"CBG"
"154",2.13929003820163,0.290001,22.440001,"CBG"
"155",-1.91622540480278,-0.350000999999999,22.01,"CBG"
"156",0.272603362108127,0.0399990000000017,22.07,"CBG"
"157",2.35613955595831,0.280000999999999,22.59,"CBG"
"158",-2.92164674634794,-0.610001,21.93,"CBG"
"159",-0.82079343365253,-0.120000999999998,21.75,"CBG"
"160",0.229880459770113,0.0299990000000001,21.799999,"CBG"
"161",1.33027987753577,0.0799999999999983,22.09,"CBG"
"162",-0.950660932548657,-0.190000999999999,21.879999,"CBG"
"163",1.41682821831938,0.230001999999999,22.190001,"CBG"
"164",3.24470016923389,0.530000999999999,22.91,"CBG"
"165",4.93234831951113,1.150002,24.040001,"CBG"
"166",-1.08153073704116,-0.149999000000001,23.780001,"CBG"
"167",0.714886429146919,0.920000000000002,23.950001,"CBG"
"168",-0.876830861092665,0.350000999999999,23.74,"CBG"
"169",0.758213984835734,0.129999000000002,23.92,"CBG"
"170",-0.167228260869566,0.0399990000000017,23.879999,"CBG"
"171",0.58626886877172,0.319998999999999,24.02,"CBG"
"172",2.12323480432972,0.630001,24.530001,"CBG"
"173",0.407655914893778,0.0999980000000029,24.629999,"CBG"
"174",2.8826675957234,0.630001,25.34,"CBG"
"175",0.789269928966063,0.0700019999999988,25.540001,"CBG"
"176",-1.05716910504428,-0.180001000000001,25.27,"CBG"
"177",0.751875741986546,0.309999000000001,25.459999,"CBG"
"178",-3.41712110829227,-0.559999999999999,24.59,"CBG"
"179",-0.935335502236679,-0.329999999999998,24.360001,"CBG"
"180",-0.61577173170067,-0.100000000000001,24.209999,"CBG"
"181",2.80875682811883,0.489999000000001,24.889999,"CBG"
"182",0.602659726904773,0.0500010000000017,25.040001,"CBG"
"183",-1.79712852247889,-0.580000000000002,24.59,"CBG"
"184",0.0406669377795916,0.0699990000000028,24.6,"CBG"
"185",3.45528861788617,0.550001000000002,25.450001,"CBG"
"186",-1.49312764270618,-0.41,25.07,"CBG"
"187",-1.43598324690866,-0.550001000000002,24.709999,"CBG"
"188",3.31850276481192,0.780000999999999,25.530001,"CBG"
"189",4.11280438257719,1.110001,26.58,"CBG"
"190",-2.9345410082769,-0.440000999999999,25.799999,"CBG"
"191",5.81395371371914,1.509998,27.299999,"CBG"
"192",-0.402923091682168,0.190000999999999,27.190001,"CBG"
"193",-4.56050001616403,-0.0799999999999983,25.950001,"CBG"
"194",-1.88825426249502,-0.43,25.459999,"CBG"
"195",2.7101375769889,0.209999,26.15,"CBG"
"196",1.91204588910134,0.0499999999999972,26.65,"CBG"
"197",2.70169230769231,0.270000999999997,27.370001,"CBG"
"198",-0.182685415320219,-0.0699989999999993,27.32,"CBG"
"199",-1.3177196193265,-0.330002,26.959999,"CBG"
"200",3.22700679625396,0.419999999999998,27.83,"CBG"
"201",-2.2996730147323,-0.629999000000002,27.190001,"CBG"
"202",-0.919455648420167,-0.269998000000001,26.940001,"CBG"
"203",2.48700807397892,0.680001000000001,27.610001,"CBG"
"204",-2.1369104622633,-0.869999,27.02,"CBG"
"205",-1.18430421909696,-0.329999999999998,26.700001,"CBG"
"206",3.59550173799619,0.670000000000002,27.66,"CBG"
"207",0.325379609544468,-0.0499989999999997,27.75,"CBG"
"208",1.44144144144144,0.41,28.15,"CBG"
"209",-1.6696269982238,-0.600000999999999,27.68,"CBG"
"210",-0.541903901734108,-0.0599990000000012,27.530001,"CBG"
"211",-0.217951317909495,-0.360000999999997,27.469999,"CBG"
"212",-0.14560976139825,-0.0299990000000001,27.43,"CBG"
"213",0.14582209259935,-0.210000999999998,27.469999,"CBG"
"214",1.23771391473294,0.260000000000002,27.809999,"CBG"
"215",1.61812663136018,0.630001,28.26,"CBG"
"216",2.30007077140835,0.600000999999999,28.91,"CBG"
"217",-0.9339363542027,0.229998999999999,28.639999,"CBG"
"218",1.29190297806925,0.350000000000001,29.01,"CBG"
"219",2.24060668734919,0.190000999999999,29.66,"CBG"
"220",0.134865138233311,-0.179998000000001,29.700001,"CBG"
"221",-3.80471704361222,-1.050001,28.57,"CBG"
"222",-0.0700070003500196,-0.320001999999999,28.549999,"CBG"
"223",-6.30472526461384,-0.379999000000002,26.75,"CBG"
"224",-0.897196261682237,-0.129998999999998,26.51,"CBG"
"225",0.754428517540544,0.199998999999998,26.709999,"CBG"
"226",1.19806069629579,0.0899999999999999,27.030001,"CBG"
"227",-2.10877535668607,-0.530000999999999,26.459999,"CBG"
"228",-0.604686341824881,-0.190000999999999,26.299999,"CBG"
"229",0.874532352643812,0.460000999999998,26.530001,"CBG"
"230",0.753859752964208,-0.220001,26.73,"CBG"
"231",1.90796857463523,0.449998999999998,27.24,"CBG"
"232",2.09250734214392,0.469999000000001,27.809999,"CBG"
"233",-4.71053235205079,-1.27,26.5,"CBG"
"234",-0.490562264150949,-0.0399990000000017,26.370001,"CBG"
"235",-1.63064081795067,-0.409999000000003,25.940001,"CBG"
"236",0.732451783637182,0.339998000000001,26.129999,"CBG"
"237",-0.420968251854897,0.0500009999999982,26.02,"CBG"
"238",3.84319754035357,0.960000999999998,27.02,"CBG"
"239",0.148034789045158,-0.0500019999999992,27.059999,"CBG"
"240",-1.25646715655828,-0.320001999999999,26.719999,"CBG"
"241",-2.73203228787547,-0.25,25.99,"CBG"
"242",-0.269334359368976,-0.229999999999997,25.92,"CBG"
"243",2.27623456790123,0.770000000000003,26.51,"CBG"
"244",1.58430780837419,0.569998999999999,26.93,"CBG"
"245",-1.55959896026735,-0.459999,26.51,"CBG"
"246",-0.301772915880807,-0.440000999999999,26.43,"CBG"
"247",-3.67007567158532,-0.940000999999999,25.459999,"CBG"
"248",3.06363327037051,0.84,26.24,"CBG"
"249",-2.47713414634146,-0.25,25.59,"CBG"
"250",-3.12621727237202,-0.789998999999998,24.790001,"CBG"
"251",2.37998376845568,0.41,25.379999,"CBG"
"252",-1.93065413438354,-0.470002000000001,24.889999,"CBG"
"253",1.20531141845365,0.290001,25.190001,"CBG"
"254",-3.53315587403113,-0.680001000000001,24.299999,"CBG"
"255",-2.8806544395331,-0.729999999999997,23.6,"CBG"
"256",2.88136016949151,0.350000999999999,24.280001,"CBG"
"257",-5.51894540696271,-1.069999,22.940001,"CBG"
"258",-0.13078029072448,-0.109999999999999,22.91,"CBG"
"259",4.67044958533392,0.75,23.98,"CBG"
"260",-0.500412844036697,0.0300010000000022,23.860001,"CBG"
"261",3.85582548802072,0.780000999999999,24.780001,"CBG"
"262",-2.82486267857697,-0.620001000000002,24.08,"CBG"
"263",0.913617109634557,0.679998000000001,24.299999,"CBG"
"264",-4.15637054141442,-1.08,23.290001,"CBG"
"265",2.83383414195646,0.520001000000001,23.950001,"CBG"
"266",3.67431717435,0.780000999999999,24.83,"CBG"
"267",1.40958517921869,0.419999999999998,25.18,"CBG"
"268",-0.277994440031768,-0.0899999999999999,25.110001,"CBG"
"269",1.11508557884963,0.329999999999998,25.389999,"CBG"
"270",0,0.0799999999999983,25.389999,"CBG"
"271",0.275699104990119,0.0899980000000014,25.459999,"CBG"
"272",2.35663795587738,0.459999,26.059999,"CBG"
"273",-2.99308530288126,-0.289999000000002,25.280001,"CBG"
"274",-5.45886449925378,-0.870000000000001,23.9,"CBG"
"275",-1.75732217573221,-0.349999999999998,23.48,"CBG"
"276",0.0425894378194123,-0.200001,23.49,"CBG"
"277",-2.93742443593018,-0.820001999999999,22.799999,"CBG"
"278",2.14913167320753,0.290001,23.290001,"CBG"
"279",-0.944615674340245,-0.0500009999999982,23.07,"CBG"
"280",1.95058517555266,0.25,23.52,"CBG"
"281",-1.10544217687074,-0.270000999999997,23.26,"CBG"
"282",1.63370163370592,0.149999000000001,23.639999,"CBG"
"283",0.54991965101183,0.149999000000001,23.77,"CBG"
"284",-0.378628523348758,0.25,23.68,"CBG"
"285",-0.717905405405398,-0.0599999999999987,23.51,"CBG"
"286",-2.50957039557635,-0.379998999999998,22.92,"CBG"
"287",-8.15881762652706,-1.110001,21.049999,"CBG"
"288",3.56294553743209,1.109998,21.799999,"CBG"
"289",0.688082600370764,-0.16,21.950001,"CBG"
"290",-5.19363074288698,-0.870000999999998,20.809999,"CBG"
"291",-1.53771751742998,-0.319999000000003,20.49,"CBG"
"292",-7.75988286969253,-1.18,18.9,"CBG"
"293",-3.33333333333333,-0.990000000000002,18.27,"CBG"
"294",-9.63327859879583,-1.190001,16.51,"CBG"
"295",5.81465172622653,0.279998000000003,17.469999,"CBG"
"296",-4.57927330161839,-0.659999999999997,16.67,"CBG"
"297",1.73964607078583,0.289998999999998,16.959999,"CBG"
"298",-2.00470530688122,-0.509998000000003,16.620001,"CBG"
"299",2.10588434982647,0.139999000000003,16.969999,"CBG"
"300",-4.83205096240726,-0.489999000000001,16.15,"CBG"
"301",-0.495356037151692,-0.319998999999999,16.07,"CBG"
"302",-9.14747977598009,-0.780000000000001,14.6,"CBG"
"303",-6.02739726027397,-0.979999999999999,13.72,"CBG"
"304",0.364431486880459,-0.360000000000001,13.77,"CBG"
"305",6.60856935366739,0.9,14.68,"CBG"
"306",3.2016348773842,0.700000000000001,15.15,"CBG"
"307",-9.17491749174918,-1.52,13.76,"CBG"
"308",2.9796511627907,0.57,14.17,"CBG"
"309",5.0105857445307,0.380000000000001,14.88,"CBG"
"310",-1.54569892473119,-0.15,14.65,"CBG"
"311",3.48122866894198,0.470000000000001,15.16,"CBG"
"312",-1.6490765171504,-0.33,14.91,"CBG"
"313",-3.75586854460094,-0.15,14.35,"CBG"
"314",-2.7177700348432,0.220000000000001,13.96,"CBG"
"315",9.59885386819484,1.09,15.3,"CBG"
"316",-4.05228758169935,-0.380000000000001,14.68,"CBG"
"317",-4.29155313351498,-0.41,14.05,"CBG"
"318",0.498220640569384,0.35,14.12,"CBG"
"319",0.779036827195476,0.0199999999999996,14.23,"CBG"
"320",4.14617006324666,0.5,14.82,"CBG"
"321",3.03643724696356,0.19,15.27,"CBG"
"322",-0.851342501637191,-0.0999999999999996,15.14,"CBG"
"323",-5.21796565389697,-0.44,14.35,"CBG"
"324",-2.1602787456446,-0.390000000000001,14.04,"CBG"
"325",-5.84045584045583,-0.899999999999999,13.22,"CBG"
"326",-3.32829046898639,0.17,12.78,"CBG"
"327",4.61658841940532,0.699999999999999,13.37,"CBG"
"328",3.36574420344055,0.27,13.82,"CBG"
"329",0.868306801736608,-0.280000000000001,13.94,"CBG"
"330",-0.0717360114777603,-0.0999999999999996,13.93,"CBG"
"331",3.44580043072506,0.0999999999999996,14.41,"CBG"
"332",-6.59264399722414,-0.659999999999998,13.46,"CBG"
"333",-2.74888558692423,-0.25,13.09,"CBG"
"334",3.20855614973262,0.699999999999999,13.51,"CBG"
"335",2.44263508512213,0.289999999999999,13.84,"CBG"
"336",3.97398843930636,0.620000000000001,14.39,"CBG"
"337",-6.11535788742183,-1,13.51,"CBG"
"338",4.73723168023687,0.33,14.15,"CBG"
"339",-1.41342756183746,-0.110000000000001,13.95,"CBG"
"340",8.74551971326165,0.99,15.17,"CBG"
"341",-1.1206328279499,-0.0399999999999991,15,"CBG"
"342",1.46666666666667,-0.0399999999999991,15.22,"CBG"
"343",-5.84756898817346,-0.789999999999999,14.33,"CBG"
"344",6.90858339148639,1.04,15.32,"CBG"
"345",-6.00522193211488,-0.879999999999999,14.4,"CBG"
"346",1.31944444444444,0.199999999999999,14.59,"CBG"
"347",4.7978067169294,0.459999999999999,15.29,"CBG"
"348",9.48332243296272,1.44,16.74,"CBG"
"349",-3.88291517323775,-0.539999000000002,16.09,"CBG"
"350",-0.93225605966439,-0.380000000000001,15.94,"CBG"
"351",7.40276662484316,0.220001,17.120001,"CBG"
"352",10.8644795055795,1.32,18.98,"CBG"
"353",-6.32243940990517,-0.889999000000003,17.780001,"CBG"
"354",-4.10574780057661,-0.230001999999999,17.049999,"CBG"
"355",2.40469222314911,0.0199980000000011,17.459999,"CBG"
"356",-0.343636903988375,-0.34,17.4,"CBG"
"357",-4.19540229885056,-0.5,16.67,"CBG"
"358",0.959808038392301,0.0399989999999981,16.83,"CBG"
"359",0.594177064765309,-0.0500000000000007,16.93,"CBG"
"360",-6.43827525103367,-0.510000000000002,15.84,"CBG"
"361",0.631313131313129,-0.420001000000001,15.94,"CBG"
"362",2.38393977415308,0.0399990000000017,16.32,"CBG"
"363",-2.94117647058824,-0.25,15.84,"CBG"
"364",2.20960227272727,0.420000999999999,16.190001,"CBG"
"365",-2.77949951948736,-0.220000000000001,15.74,"CBG"
"366",-3.04955527318933,-0.42,15.26,"CBG"
"367",-0.982961992136306,-0.350000000000001,15.11,"CBG"
"368",-2.64725347452018,0.0600000000000005,14.71,"CBG"
"369",0.611828687967368,0.0899999999999999,14.8,"CBG"
"370",-2.16216216216216,-0.0700000000000003,14.48,"CBG"
"371",0.966850828729273,0.129999999999999,14.62,"CBG"
"372",4.92476060191519,0.220000000000001,15.34,"CBG"
"373",-1.3689700130378,-0.309999999999999,15.13,"CBG"
"374",11.1037607402512,0.979999000000001,16.809999,"CBG"
"375",-1.84413455348808,-0.290001,16.5,"CBG"
"376",0.0606060606060701,-0.16,16.51,"CBG"
"377",3.5130224106602,0.229998999999999,17.09,"CBG"
"378",-2.98420128730253,-0.490000000000002,16.58,"CBG"
"379",-3.25693003618817,-0.41,16.040001,"CBG"
"380",-6.10973153929354,-0.859999999999999,15.06,"CBG"
"381",2.78884462151394,0.290000000000001,15.48,"CBG"
"382",-1.67958656330749,0.0500000000000007,15.22,"CBG"
"383",-3.02233902759528,-0.56,14.76,"CBG"
"384",-1.49051490514906,-0.0500000000000007,14.54,"CBG"
"385",3.85144429160936,0.279999999999999,15.1,"CBG"
"386",-0.397350993377487,-0.0900000000000016,15.04,"CBG"
"387",-4.72074468085106,-0.720000000000001,14.33,"CBG"
"388",5.65247732030705,0.49,15.14,"CBG"
"389",1.84940554821664,0.380000000000001,15.42,"CBG"
"390",-0.0648508430609584,-0.0500000000000007,15.41,"CBG"
"391",-0.129785853341983,-0.0599999999999987,15.39,"CBG"
"392",-0.584795321637426,0.0200000000000014,15.3,"CBG"
"393",-3.59477124183007,-0.619999999999999,14.75,"CBG"
"394",2.77966101694915,0.34,15.16,"CBG"
"395",0.395778364116098,0.0500000000000007,15.22,"CBG"
"396",5.32195137976346,0.350000999999999,16.030001,"CBG"
"397",0.12475357924183,0.0699989999999993,16.049999,"CBG"
"398",1.05919009714581,0.319999000000001,16.219999,"CBG"
"399",-1.60295324309206,-0.300000000000001,15.96,"CBG"
"400",-0.250626566416046,-0.15,15.92,"CBG"
"401",4.08291457286432,0.300000000000001,16.57,"CBG"
"402",5.91429692214846,1.08,17.549999,"CBG"
"403",-0.683755024715386,-0.219999999999999,17.43,"CBG"
"404",-2.3522662076879,-0.0900010000000009,17.02,"CBG"
"405",-0.940064629847233,-0.439997999999999,16.860001,"CBG"
"406",1.12691571014734,0.279999,17.049999,"CBG"
"407",3.28446940084865,0.460001000000002,17.610001,"CBG"
"408",1.41964784669802,0.220002000000001,17.860001,"CBG"
"409",0.783868937073405,0.170000000000002,18,"CBG"
"410",-0.666672222222214,0.0999980000000029,17.879999,"CBG"
"411",1.51007279139108,0.350000999999999,18.15,"CBG"
"412",4.7382920110193,0.600000000000001,19.01,"CBG"
"413",0.315623356128347,0.270001000000001,19.07,"CBG"
"414",-4.24750917671735,-0.459999,18.26,"CBG"
"415",5.69550383351587,0.879998999999998,19.299999,"CBG"
"416",-1.55439904426938,-0.459999,19,"CBG"
"417",-0.36842105263158,-0.100000999999999,18.93,"CBG"
"418",3.59218700475436,0.400002000000001,19.610001,"CBG"
"419",-0.0509994874554011,0.149999000000001,19.6,"CBG"
"420",-1.73469387755102,-0.280000999999999,19.26,"CBG"
"421",-6.02284527518172,-0.469999999999999,18.1,"CBG"
"422",1.27071823204418,0.159999999999997,18.33,"CBG"
"423",-2.50954173486088,-0.229999000000003,17.870001,"CBG"
"424",1.34303294107259,0.120001000000002,18.110001,"CBG"
"425",1.04913301771766,0.259998,18.299999,"CBG"
"426",1.96721868673326,0.280000999999999,18.66,"CBG"
"427",2.25080385852089,0.450000999999997,19.08,"CBG"
"428",-0.0524109014674948,-0.220001,19.07,"CBG"
"429",-1.52070791819613,-0.330000000000002,18.780001,"CBG"
"430",-1.75718840483554,-0.299999,18.450001,"CBG"
"431",0.65040104875875,0.170000000000002,18.57,"CBG"
"432",-0.323101777059767,-0.16,18.51,"CBG"
"433",-0.054024851431667,0.23,18.5,"CBG"
"434",-1.8918918918919,-0.370000000000001,18.15,"CBG"
"435",0.991735537190081,0.190000999999999,18.33,"CBG"
"436",2.07309874522641,0.279999,18.709999,"CBG"
"437",-0.213784084114586,-0.0499989999999997,18.67,"CBG"
"438",-0.160690948045004,0.0399989999999981,18.639999,"CBG"
"439",-3.80900771507552,-0.449999000000002,17.93,"CBG"
"440",-1.28276073619632,-0.349997999999999,17.700001,"CBG"
"441",4.46327093427847,0.66,18.49,"CBG"
"442",3.78583558680368,0.630001999999998,19.190001,"CBG"
"443",-0.0521156825369579,0.0199999999999996,19.18,"CBG"
"444",7.29927007299269,1.280001,20.58,"CBG"
"445",-0.583095238095231,-0.190000999999999,20.459999,"CBG"
"446",1.07527375734476,0.220001,20.68,"CBG"
"447",0.725338491295931,0.169999999999998,20.83,"CBG"
"448",0.144027844455123,-0.00999999999999801,20.860001,"CBG"
"449",-0.431452520064601,0.220001,20.77,"CBG"
"450",-0.0962927298988906,0.0599990000000012,20.75,"CBG"
"451",-1.68674698795181,-0.120000000000001,20.4,"CBG"
"452",0.392156862745107,0.140000000000001,20.48,"CBG"
"453",0.439453124999999,-0.210000999999998,20.57,"CBG"
"454",-0.729217306757407,-0.129998999999998,20.42,"CBG"
"455",-2.10577864838395,-0.370001000000002,19.99,"CBG"
"456",-1.0004952476238,0.0300009999999986,19.790001,"CBG"
"457",0.859009557402244,0.0799999999999983,19.959999,"CBG"
"458",1.05210927114777,0.200001,20.17,"CBG"
"459",-3.32176499752108,-0.57,19.5,"CBG"
"460",-2.41025128205129,-0.25,19.030001,"CBG"
"461",-2.25959525698394,-0.359998999999998,18.6,"CBG"
"462",-2.15053225806452,-0.0899999999999999,18.200001,"CBG"
"463",-2.63737348146299,-0.380001,17.719999,"CBG"
"464",3.1038432902846,0.289999999999999,18.27,"CBG"
"465",3.22934318555009,0.580000000000002,18.860001,"CBG"
"466",-3.44645792966819,-0.480001999999999,18.209999,"CBG"
"467",0.823734257206717,-0.0199980000000011,18.360001,"CBG"
"468",2.61437349594915,0.239999999999998,18.84,"CBG"
"469",-2.65392781316348,-0.34,18.34,"CBG"
"470",0.654302071973828,0.0999979999999994,18.459999,"CBG"
"471",-0.487529820559586,-0.189998000000003,18.370001,"CBG"
"472",-0.762117541528702,0.119999,18.23,"CBG"
"473",0.877668678003286,0.159998999999999,18.389999,"CBG"
"474",1.52257213282068,-0.0300009999999986,18.67,"CBG"
"475",2.14247455811461,0.490000000000002,19.07,"CBG"
"476",0.314625065547988,-0.0700019999999988,19.129999,"CBG"
"477",-1.67276537756223,-0.230001999999999,18.809999,"CBG"
"478",2.9239873962779,0.57,19.360001,"CBG"
"479",-0.929757183380315,-0.010000999999999,19.18,"CBG"
"480",-2.97184045881126,-0.599997999999999,18.610001,"CBG"
"481",-3.65395466663328,-0.550000000000001,17.93,"CBG"
"482",-1.4500836586726,-0.190000999999999,17.67,"CBG"
"483",-0.679122807017555,0.0499989999999997,17.549999,"CBG"
"484",-1.25355562698323,0.0699999999999967,17.33,"CBG"
"485",-0.519330640507789,-0.34,17.24,"CBG"
"486",0.174013921113696,0.289999999999999,17.27,"CBG"
"487",-1.50550086855818,0.0599990000000012,17.01,"CBG"
"488",-1.94003527336862,-0.34,16.68,"CBG"
"489",-2.93764388489209,-0.579999000000001,16.190001,"CBG"
"490",-2.65596648202801,-0.42,15.76,"CBG"
"491",0.50761421319797,-0.00999999999999979,15.84,"CBG"
"492",3.66161616161617,0.550000000000002,16.42,"CBG"
"493",0.182710109622403,-0.0799999999999983,16.450001,"CBG"
"494",1.21579931818848,0.389999999999997,16.65,"CBG"
"495",-1.56156756756756,-0.340001000000001,16.389999,"CBG"
"496",-0.0610128164132164,-0.0500009999999982,16.379999,"CBG"
"497",3.84616018596827,0.420000000000002,17.01,"CBG"
"498",-4.46796002351559,-0.489999999999998,16.25,"CBG"
"499",1.23077538461539,0.150002000000001,16.450001,"CBG"
"500",-5.22796928705354,0.209999999999999,15.59,"CBG"
"501",-2.05259781911482,-0.380000000000001,15.27,"CBG"
"502",1.50622134905043,0.33,15.5,"CBG"
"503",3.93549032258065,0.400001,16.110001,"CBG"
"504",0.186207313084581,-0.16,16.139999,"CBG"
"505",0.619584920668204,0.249999999999998,16.24,"CBG"
"506",-3.14039408866994,-0.75,15.73,"CBG"
"507",2.28862047043865,0.550000000000001,16.09,"CBG"
"508",-1.61591050341827,-0.140000000000001,15.83,"CBG"
"509",0.315855969677831,0.0300000000000011,15.88,"CBG"
"510",3.33753148614609,0.449999999999999,16.41,"CBG"
"511",-0.12188299817185,0.0899999999999999,16.389999,"CBG"
"512",2.56253828935561,0.309999000000001,16.809999,"CBG"
"513",0.178471158743071,0,16.84,"CBG"
"514",-4.86935866983373,-0.879999999999999,16.02,"CBG"
"515",-0.936329588014984,-0.259999000000002,15.87,"CBG"
"516",-3.15059861373661,-0.24,15.37,"CBG"
"517",0.195185426154855,-0.0399999999999991,15.4,"CBG"
"518",1.16883116883117,0.0700000000000003,15.58,"CBG"
"519",1.09114249037227,0.359999999999999,15.75,"CBG"
"520",3.87302222222222,0.200001,16.360001,"CBG"
"521",-1.22249992527507,-0.329999999999998,16.16,"CBG"
"522",1.29951113861385,0.220001,16.370001,"CBG"
"523",-1.77153929312527,-0.25,16.08,"CBG"
"524",-1.43034825870646,0.0199999999999996,15.85,"CBG"
"525",-0.946372239747636,-0.0800000000000001,15.7,"CBG"
"526",-1.9108280254777,-0.48,15.4,"CBG"
"527",0.974025974025976,0.120000000000001,15.55,"CBG"
"528",-0.900321543408364,0.0400000000000009,15.41,"CBG"
"529",2.40103828682673,0.289999999999999,15.78,"CBG"
"530",-0.697084917617233,0,15.67,"CBG"
"531",2.16975111678367,0.230000000000002,16.01,"CBG"
"532",-0.124921923797635,0.120000000000001,15.99,"CBG"
"533",2.06378986866792,0.309999999999999,16.32,"CBG"
"534",-1.10294730392157,0.0299979999999991,16.139999,"CBG"
"535",-2.23047721378422,0.0299999999999994,15.78,"CBG"
"536",-2.97845373891001,-0.44,15.31,"CBG"
"537",-1.37165251469628,-0.290000000000001,15.1,"CBG"
"538",1.78807947019867,-0.0500000000000007,15.37,"CBG"
"539",6.2459336369551,0.809999999999999,16.33,"CBG"
"540",-0.551132884262094,-0.0699990000000028,16.24,"CBG"
"541",-4.06403940886698,-0.620001,15.58,"CBG"
"542",6.99614890885752,0.629999000000002,16.67,"CBG"
"543",-0.659874025194964,0.0299980000000026,16.559999,"CBG"
"544",3.14010284662455,0.209999,17.08,"CBG"
"545",3.80562060889931,0.57,17.73,"CBG"
"546",1.91765369430344,0.309999999999999,18.07,"CBG"
"547",-1.49419479800775,-0.270001000000001,17.799999,"CBG"
"548",0,-0.0100000000000016,17.799999,"CBG"
"549",-0.168533717333356,0.0500009999999982,17.77,"CBG"
"550",-0.956668542487328,-0.109998999999998,17.6,"CBG"
"551",-0.454545454545465,-0.210000000000001,17.52,"CBG"
"552",0.228304794520558,0.0399990000000017,17.559999,"CBG"
"553",1.93622448383965,0.279999,17.9,"CBG"
"554",0.782128491620121,0.130001,18.040001,"CBG"
"555",0.11085365239171,0.119998000000002,18.059999,"CBG"
"556",0.44296790935591,0.0399989999999981,18.139999,"CBG"
"557",-1.37816986649227,-0.16,17.889999,"CBG"
"558",-1.34152606716189,-0.149999000000001,17.65,"CBG"
"559",-0.39660056657224,-0.0300010000000022,17.58,"CBG"
"560",-0.79635381114903,-0.25,17.440001,"CBG"
"561",-0.172024072705034,0.0300009999999986,17.41,"CBG"
"562",0,0.100000999999999,17.41,"CBG"
"563",-1.20619758759334,-0.0999979999999994,17.200001,"CBG"
"564",0.639523218632376,-0.010000999999999,17.309999,"CBG"
"565",-0.519930705946314,-0.0899999999999999,17.219999,"CBG"
"566",-1.21950645874021,-0.209999,17.01,"CBG"
"567",2.76308054085831,0.32,17.48,"CBG"
"568",1.25858695652174,0.16,17.700001,"CBG"
"569",-2.37288122187113,-0.469999000000001,17.280001,"CBG"
"570",2.14119779275476,0.419999999999998,17.65,"CBG"
"571",3.9660056657224,0.569999000000003,18.35,"CBG"
"572",6.81198910081744,1.220001,19.6,"CBG"
"573",3.87755612244897,0.680001000000001,20.360001,"CBG"
"574",-2.75050084722491,-0.480001999999999,19.799999,"CBG"
"575",-2.57574760483574,-0.509998,19.290001,"CBG"
"576",1.08864172687186,0.0799999999999983,19.5,"CBG"
"577",-0.51282051282052,0.119999,19.4,"CBG"
"578",-0.206180412371124,-0.349997999999999,19.360001,"CBG"
"579",-0.568186954122577,0.0499989999999997,19.25,"CBG"
"580",-3.68830649350649,-0.75,18.540001,"CBG"
"581",0.0539266421830263,-0.0100000000000016,18.549999,"CBG"
"582",0.377369292580548,-0.0800000000000018,18.620001,"CBG"
"583",-1.12782485887084,-0.0700000000000003,18.41,"CBG"
"584",1.30363932645301,0.129999999999999,18.65,"CBG"
"585",1.76943699731904,0.23,18.98,"CBG"
"586",1.52792413066385,0.259999999999998,19.27,"CBG"
"587",-0.259475869226768,-0.169999999999998,19.219999,"CBG"
"588",2.02914682773916,0.120001000000002,19.610001,"CBG"
"589",-0.866904596282283,0,19.440001,"CBG"
"590",-2.62346179920464,-0.459999,18.93,"CBG"
"591",-2.53565240359218,-0.469999000000001,18.450001,"CBG"
"592",3.25202150395547,0.389999,19.049999,"CBG"
"593",-1.20734389539863,-0.199999999999999,18.82,"CBG"
"594",0.478214665249734,0.0100000000000016,18.91,"CBG"
"595",0.211533580116341,-0.0499989999999997,18.950001,"CBG"
"596",1.89972549341818,0.399999000000001,19.309999,"CBG"
"597",1.39824450534667,0.329999999999998,19.58,"CBG"
"598",-2.40040347293155,-0.419999999999998,19.110001,"CBG"
"599",1.62218201872413,0.330000000000002,19.42,"CBG"
"600",-2.78064366632338,-0.0899999999999999,18.879999,"CBG"
"601",-2.06567277890218,-0.450001,18.49,"CBG"
"602",-1.35208220659816,-0.540001,18.24,"CBG"
"603",0.0548245614035173,-0.0199999999999996,18.25,"CBG"
"604",-1.26027397260274,-0.0599999999999987,18.02,"CBG"
"605",-2.16426748057713,-0.310001999999997,17.629999,"CBG"
"606",-0.453772005318899,-0.280000999999999,17.549999,"CBG"
"607",0.968661023855339,0.170000000000002,17.719999,"CBG"
"608",2.37020329402952,0.329999999999998,18.139999,"CBG"
"609",-3.36272344888222,-0.34,17.530001,"CBG"
"610",-0.34228178309857,-0.0899999999999999,17.469999,"CBG"
"611",0.171728687563168,0.200001,17.5,"CBG"
"612",-0.171434285714278,-0.0799999999999983,17.469999,"CBG"
"613",1.03034350488513,0.32,17.65,"CBG"
"614",-1.699716713881,-0.359998999999998,17.35,"CBG"
"615",-0.0576368876080782,-0.0100000000000016,17.34,"CBG"
"616",0.922722029988467,0.100000000000001,17.5,"CBG"
"617",1.65714857142857,-0.00999799999999951,17.790001,"CBG"
"618",-0.843181515279289,-0.140001999999999,17.639999,"CBG"
"619",0.283458065955668,0.020000999999997,17.690001,"CBG"
"620",1.01752396735308,0.0400010000000002,17.870001,"CBG"
"621",1.62282587449213,0.48,18.16,"CBG"
"622",-1.37665198237885,-0.18,17.91,"CBG"
"623",1.89838079285315,0.459999,18.25,"CBG"
"624",2.08218630136987,0.299999000000003,18.629999,"CBG"
"625",1.61031141225503,0.25,18.93,"CBG"
"626",-0.898045430533535,-0.169999999999998,18.76,"CBG"
"627",-1.01279317697229,-0.16,18.57,"CBG"
"628",0.96930533117932,0.170000000000002,18.75,"CBG"
"629",-0.106666666666664,0.0200010000000006,18.73,"CBG"
"630",1.38814735718098,0.239999999999998,18.99,"CBG"
"631",1.84307530279095,0.32,19.34,"CBG"
"632",1.13753360910032,0.0799990000000008,19.559999,"CBG"
"633",0.664631935819616,0.0500019999999992,19.690001,"CBG"
"634",-2.99644982242508,-0.539998999999998,19.1,"CBG"
"635",0.523565445026172,0.150002000000001,19.200001,"CBG"
"636",3.02083317599826,0.460000999999998,19.780001,"CBG"
"637",3.18503017264762,0.549999,20.41,"CBG"
"638",-2.20480646741793,-0.470001,19.959999,"CBG"
"639",0.200405821663619,0.0499989999999997,20,"CBG"
"640",-1.800005,-0.0700000000000003,19.639999,"CBG"
"641",-0.203660906500037,-0.0299990000000001,19.6,"CBG"
"642",0.306122448979585,-0.0199999999999996,19.66,"CBG"
"643",-0.356052899287896,-0.0700000000000003,19.59,"CBG"
"644",-1.02093415007657,-0.0300010000000022,19.389999,"CBG"
"645",2.63022705674198,0.539998999999998,19.9,"CBG"
"646",2.31156281407036,0.0200010000000006,20.360001,"CBG"
"647",-0.982323134463502,-0.210000999999998,20.16,"CBG"
"648",2.77777281746032,0.5,20.719999,"CBG"
"649",0.386100404734567,0.259998,20.799999,"CBG"
"650",-0.0961442353915549,0.0500009999999982,20.780001,"CBG"
"651",-1.01059186667026,-0.259999999999998,20.57,"CBG"
"652",-0.0972338356830365,-0.140001999999999,20.549999,"CBG"
"653",-0.194642345238061,-0.0599999999999987,20.51,"CBG"
"654",0.682593856655275,0.139999999999997,20.65,"CBG"
"655",0.920096852300248,0.380001,20.84,"CBG"
"656",-1.34357485604606,-0.220001999999997,20.559999,"CBG"
"657",0.340466942629716,-0.0600019999999972,20.629999,"CBG"
"658",-0.387784798244546,-0.150002000000001,20.549999,"CBG"
"659",0,-0.0200010000000006,20.549999,"CBG"
"660",1.65450129705602,0.289998999999998,20.889999,"CBG"
"661",1.43610346750136,0.270000999999997,21.190001,"CBG"
"662",3.06747979860879,0.57,21.84,"CBG"
"663",0.228933150183149,-0.0200010000000006,21.889999,"CBG"
"664",-0.502503449177869,-0.129999000000002,21.780001,"CBG"
"665",-1.46924694815211,-0.310001,21.459999,"CBG"
"666",0.559184555413998,0.149999999999999,21.58,"CBG"
"667",1.34384151992586,0.110000999999997,21.870001,"CBG"
"668",-0.823045229856184,0.0300009999999986,21.690001,"CBG"
"669",1.0142876434169,0.0300009999999986,21.91,"CBG"
"670",-0.2738475581926,0.110000000000003,21.85,"CBG"
"671",8.9702471395881,0.260000000000002,23.809999,"CBG"
"672",1.59597654750005,0.32,24.190001,"CBG"
"673",-0.248044636294133,-0.0700019999999988,24.129999,"CBG"
"674",0.538752612463846,0.0899999999999999,24.26,"CBG"
"675",0.98928276999175,0.110001,24.5,"CBG"
"676",0.816330612244899,0.350000999999999,24.700001,"CBG"
"677",-1.7004047894573,-0.299999,24.280001,"CBG"
"678",0.906091395959998,0.139999,24.5,"CBG"
"679",-2.69387755102041,-0.600000999999999,23.84,"CBG"
"680",-1.13255033557047,-0.300000999999998,23.57,"CBG"
"681",1.44251166737378,0.140000000000001,23.91,"CBG"
"682",-2.80217482225011,-0.760000000000002,23.24,"CBG"
"683",0.77452667814115,-0.00999999999999801,23.42,"CBG"
"684",2.00682749786506,0.549999,23.889999,"CBG"
"685",1.17204274474855,0.309999000000001,24.17,"CBG"
"686",0.786102606537024,0.490000000000002,24.360001,"CBG"
"687",0.903115726473073,0.280000999999999,24.58,"CBG"
"688",0.650935720097641,0.00999999999999801,24.74,"CBG"
"689",-1.05092966855294,-0.380001,24.48,"CBG"
"690",0.204252450980385,0.0500009999999982,24.530001,"CBG"
"691",0.448422321711283,-0.0500019999999992,24.639999,"CBG"
"692",2.35389619942761,0.580000000000002,25.219999,"CBG"
"693",0.356859649360017,0.18,25.309999,"CBG"
"694",0.197558285166267,0.0700000000000003,25.360001,"CBG"
"695",-0.630914801620079,-0.189997999999999,25.200001,"CBG"
"696",-1.07143249716538,-0.170000000000002,24.93,"CBG"
"697",1.00280786201364,0.630001,25.18,"CBG"
"698",-2.85941620333598,-0.810001,24.459999,"CBG"
"699",1.51267790321659,0.139999,24.83,"CBG"
"700",-1.2887635924285,-0.110000999999997,24.51,"CBG"
"701",0.815989392084856,0.0599990000000012,24.709999,"CBG"
"702",-0.121404294674395,-0.190000999999999,24.68,"CBG"
"703",1.37763371150729,0.25,25.02,"CBG"
"704",0.359716227018389,0.310002000000001,25.110001,"CBG"
"705",0.557542789424817,0.120000999999998,25.25,"CBG"
"706",-3.20791683168317,-0.84,24.440001,"CBG"
"707",-0.163670206069141,-0.210001000000002,24.4,"CBG"
"708",-1.92622950819672,-0.550000000000001,23.93,"CBG"
"709",1.46260342666109,0.350000999999999,24.280001,"CBG"
"710",-0.247125195752658,0.429998000000001,24.219999,"CBG"
"711",2.93146585183591,0.630001,24.93,"CBG"
"712",0.320898515844372,0.0100000000000016,25.01,"CBG"
"713",1.99920031987205,0.430000000000003,25.51,"CBG"
"714",-0.0392003136025149,-0.0100000000000016,25.5,"CBG"
"715",-0.823525490196078,-0.0700000000000003,25.290001,"CBG"
"716",-4.62633433664159,-1.039999,24.120001,"CBG"
"717",0.787719702001682,-0.020000999999997,24.309999,"CBG"
"718",-2.5092473265836,-0.369999,23.700001,"CBG"
"719",-0.843886040342363,-0.25,23.5,"CBG"
"720",1.40425531914893,0.319999999999997,23.83,"CBG"
"721",-0.503571128829201,-0.170000000000002,23.709999,"CBG"
"722",1.94011395782852,0.240000000000002,24.17,"CBG"
"723",1.82044269755895,0.400002000000001,24.610001,"CBG"
"724",0.568870354779748,0.0599990000000012,24.75,"CBG"
"725",-2.3030303030303,-0.270001000000001,24.18,"CBG"
"726",0.703060380479742,0.0699990000000028,24.35,"CBG"
"727",-0.533885010266941,-0.110000999999997,24.219999,"CBG"
"728",-0.743179221435976,-0.0599990000000012,24.040001,"CBG"
"729",-0.083198831813695,-0.170000999999999,24.02,"CBG"
"730",0.541215653621978,-0.210001000000002,24.15,"CBG"
"731",0.28985093167703,0.0599990000000012,24.219999,"CBG"
"732",0.908348509840968,0.0799999999999983,24.440001,"CBG"
"733",0.531910780200056,0.190000999999999,24.57,"CBG"
"734",-1.05820512820512,-0.25,24.309999,"CBG"
"735",-0.863837962313367,-0.279999,24.1,"CBG"
"736",-0.290452282157688,-0.0199980000000011,24.030001,"CBG"
"737",1.99749887650859,0.430000000000003,24.51,"CBG"
"738",2.73357813137494,0.669999999999998,25.18,"CBG"
"739",-1.82685067513899,-0.360000999999997,24.719999,"CBG"
"740",0.242726547035852,-0.0100000000000016,24.780001,"CBG"
"741",-0.686037099029972,-0.0999979999999994,24.610001,"CBG"
"742",1.9097886261768,0.479999999999997,25.08,"CBG"
"743",-3.38915470494417,-0.849999999999998,24.23,"CBG"
"744",-1.40322327692943,-0.0800000000000018,23.889999,"CBG"
"745",-2.09292599802955,-0.350000999999999,23.389999,"CBG"
"746",1.49637030766867,-0.0800000000000018,23.74,"CBG"
"747",-1.47430918281381,-0.100000999999999,23.389999,"CBG"
"748",0.0855109057507895,-0.0300009999999986,23.41,"CBG"
"749",-0.982486117044,-0.140000000000001,23.18,"CBG"
"750",0.129417601380501,-0.0300009999999986,23.209999,"CBG"
"751",-0.689358065030508,-0.150002000000001,23.049999,"CBG"
"752",-2.3427289519622,-0.449998999999998,22.51,"CBG"
"753",2.93203020879609,0.690000000000001,23.17,"CBG"
"754",1.1653042727665,0.0700000000000003,23.440001,"CBG"
"755",-1.02389074130158,-0.299999,23.200001,"CBG"
"756",-1.2931077028833,0.020000999999997,22.9,"CBG"
"757",-1.48472052401746,-0.520000999999997,22.559999,"CBG"
"758",1.59574918420874,0.41,22.92,"CBG"
"759",-1.09075043630017,-0.229999999999997,22.67,"CBG"
"760",0.617551830613143,-0.0600019999999972,22.809999,"CBG"
"761",1.05217014696054,0.16,23.049999,"CBG"
"762",-3.34055545946011,-0.769998000000001,22.280001,"CBG"
"763",-3.00718119357355,-0.419999999999998,21.610001,"CBG"
"764",-0.509028204117161,-0.350000000000001,21.5,"CBG"
"765",-0.232553488372092,0.210001000000002,21.450001,"CBG"
"766",2.51747773811292,0.270000999999997,21.99,"CBG"
"767",2.68303774442929,0.349999999999998,22.58,"CBG"
"768",2.83436226749337,0.439998000000003,23.219999,"CBG"
"769",0.602937149135963,0.270001000000001,23.360001,"CBG"
"770",-0.256857865716704,-0.25,23.299999,"CBG"
"771",-0.429175984084803,-0.0899999999999999,23.200001,"CBG"
"772",0.603443939506725,0.290001,23.34,"CBG"
"773",0.385604113110539,-0.100000999999999,23.43,"CBG"
"774",-0.597520273154074,-0.239999999999998,23.290001,"CBG"
"775",0.944607086964064,0.149999000000001,23.51,"CBG"
"776",-0.340280731603581,-0.0399990000000017,23.43,"CBG"
"777",2.21938113529663,0.130001,23.950001,"CBG"
"778",0.501039645050537,0.129999000000002,24.07,"CBG"
"779",-0.124632322393021,-0.00999799999999951,24.040001,"CBG"
"780",-0.66556569610791,-0.200000999999997,23.879999,"CBG"
"781",0.67002515368614,0.0500010000000017,24.040001,"CBG"
"782",0.374367704893196,0.0700000000000003,24.129999,"CBG"
"783",0.704517227704809,0.229998999999999,24.299999,"CBG"
"784",-0.411514420226928,-0.0999979999999994,24.200001,"CBG"
"785",0.702479309814897,0.0899999999999999,24.370001,"CBG"
"786",-0.0410340565845607,-0.0699989999999993,24.360001,"CBG"
"787",0.492606712126161,0.23,24.48,"CBG"
"788",-1.59313725490196,0.380001,24.09,"CBG"
"789",-1.41137401411374,-0.34,23.75,"CBG"
"790",0.210522105263157,0,23.799999,"CBG"
"791",-2.64705473306952,-0.75,23.17,"CBG"
"792",0.258955545964604,-0.130001,23.23,"CBG"
"793",-0.129139044339217,0.0400010000000002,23.200001,"CBG"
"794",-0.301732745614963,-0.0600019999999972,23.129999,"CBG"
"795",-0.345871177945152,-0.0400010000000002,23.049999,"CBG"
"796",-0.607370959105029,-0.0899999999999999,22.91,"CBG"
"797",1.1348756001746,0.170000000000002,23.17,"CBG"
"798",0.604225291324987,0.219999000000001,23.309999,"CBG"
"799",-0.0429000447404634,0.0199980000000011,23.299999,"CBG"
"800",-1.54505586030283,-0.359998000000001,22.940001,"CBG"
"801",-0.392332153778011,-0.119999,22.85,"CBG"
"802",-3.54485339168491,-0.559999000000001,22.040001,"CBG"
"803",-1.99637468256013,-0.359998999999998,21.6,"CBG"
"804",-1.52777777777779,-0.010000999999999,21.27,"CBG"
"805",3.38504936530324,0.669999999999998,21.99,"CBG"
"806",-1.22783537971804,-0.220001999999997,21.719999,"CBG"
"807",0,-0.0400010000000002,21.719999,"CBG"
"808",0.874774441748357,0.190000999999999,21.91,"CBG"
"809",-0.684618895481509,-0.129998999999998,21.76,"CBG"
"810",-1.1029411764706,0.0600009999999997,21.52,"CBG"
"811",1.39405204460967,0.300000000000001,21.82,"CBG"
"812",-0.595779101741529,-0.0100000000000016,21.690001,"CBG"
"813",0.829875480411457,0.0400010000000002,21.870001,"CBG"
"814",0.502967512438623,-0.210000999999998,21.98,"CBG"
"815",0.864422202001826,0.219999000000001,22.17,"CBG"
"816",-0.766801984663968,-0.149999999999999,22,"CBG"
"817",1.68182272727272,0.190000999999999,22.370001,"CBG"
"818",3.88913259324396,0.829999999999998,23.24,"CBG"
"819",1.20481927710844,0.120000000000001,23.52,"CBG"
"820",1.70068027210885,0.420000000000002,23.92,"CBG"
"821",-1.58862458193981,-0.419998,23.540001,"CBG"
"822",-0.594736593256736,-0.130001,23.4,"CBG"
"823",0.726495726495734,-0.210000999999998,23.57,"CBG"
"824",0.381841323716588,0.140000000000001,23.66,"CBG"
"825",2.45139475908706,0.59,24.24,"CBG"
"826",-1.03135313531353,-0.300001000000002,23.99,"CBG"
"827",-0.750316798666099,-0.220001999999997,23.809999,"CBG"
"828",-0.92397735925987,-0.110001,23.59,"CBG"
"829",-1.22933870284019,-0.310002000000001,23.299999,"CBG"
"830",0.429188859621835,0.0799999999999983,23.4,"CBG"
"831",0.0854700854700988,-0.0499989999999997,23.42,"CBG"
"832",-0.341588385994884,0.0400010000000002,23.34,"CBG"
"833",-0.899747215081398,0.0599990000000012,23.129999,"CBG"
"834",2.07523571445031,0.520001000000001,23.610001,"CBG"
"835",-1.56713674006198,-0.210001000000002,23.24,"CBG"
"836",-2.10843373493975,-0.450001,22.75,"CBG"
"837",-0.879125274725276,-0.210001000000002,22.549999,"CBG"
"838",-0.221725065264968,0.0700000000000003,22.5,"CBG"
"839",-1.73332888888889,-0.369999,22.110001,"CBG"
"840",0.723649899427861,0.130001,22.27,"CBG"
"841",2.4696901661428,0.270001000000001,22.82,"CBG"
"842",-0.175280455740586,0.120000999999998,22.780001,"CBG"
"843",-0.482884087669693,0.120001000000002,22.67,"CBG"
"844",-1.10277900308778,-0.139999,22.42,"CBG"
"845",1.65031668153434,0.110001,22.790001,"CBG"
"846",1.71127241284456,0.449999999999999,23.18,"CBG"
"847",-1.33735547886109,-0.439998000000003,22.870001,"CBG"
"848",0.830773903333029,0.149999000000001,23.059999,"CBG"
"849",1.9948006068864,0.380001,23.52,"CBG"
"850",-0.722789115646251,-0.0799999999999983,23.35,"CBG"
"851",0.770882226980716,0.16,23.530001,"CBG"
"852",0.80747127890051,0.0699990000000028,23.719999,"CBG"
"853",-1.3069098358731,-0.549999,23.41,"CBG"
"854",4.22896198205894,0.75,24.4,"CBG"
"855",-3.77049180327868,1.350001,23.48,"CBG"
"856",-1.06473594548552,-0.199999999999999,23.23,"CBG"
"857",-0.860951356005173,-0.119999,23.030001,"CBG"
"858",0.0434216220833059,-0.139999,23.040001,"CBG"
"859",-0.737847190197612,0.0500009999999982,22.870001,"CBG"
"860",-1.88019230956745,-0.5,22.440001,"CBG"
"861",-0.713012445944188,-0.279998000000003,22.280001,"CBG"
"862",0.179528717256349,0.110001,22.32,"CBG"
"863",0.492831541218635,0.0599990000000012,22.43,"CBG"
"864",-1.78332144449399,-0.309999000000001,22.030001,"CBG"
"865",2.58737618759074,0.409999000000003,22.6,"CBG"
"866",1.23893362831858,0.209999,22.879999,"CBG"
"867",0.393356660548804,0.0699990000000028,22.969999,"CBG"
"868",-0.0870613882046798,-0.0999979999999994,22.950001,"CBG"
"869",-0.827891031464438,-0.219999999999999,22.76,"CBG"
"870",-1.40597100175748,-0.34,22.440001,"CBG"
"871",1.5151514476314,0.280000999999999,22.780001,"CBG"
"872",2.72168117990864,0.479999999999997,23.4,"CBG"
"873",1.1965811965812,0.25,23.68,"CBG"
"874",2.02702702702703,0.350000999999999,24.16,"CBG"
"875",1.15894453642384,0.239999999999998,24.440001,"CBG"
"876",-0.818334663734262,-0.190000000000001,24.24,"CBG"
"877",0.660066006600661,0.149999999999999,24.4,"CBG"
"878",0.0409836065573835,0.16,24.41,"CBG"
"879",1.02417042195821,0.399999999999999,24.66,"CBG"
"880",0.405515004055156,0.110000000000003,24.76,"CBG"
"881",1.37318255250404,0.0899999999999999,25.1,"CBG"
"882",1.23505976095617,0.16,25.41,"CBG"
"883",-0.393549783549779,-0.0400010000000002,25.309999,"CBG"
"884",-1.77794554634317,-0.519998000000001,24.860001,"CBG"
"885",-0.563161682897756,-0.120000999999998,24.719999,"CBG"
"886",0.202269425658141,-0.0500000000000007,24.77,"CBG"
"887",0.767052886556319,-0.0400010000000002,24.959999,"CBG"
"888",0.0400641041692412,-0.169999999999998,24.969999,"CBG"
"889",3.12375262810382,0.84,25.75,"CBG"
"890",-0.737867961165044,-0.16,25.559999,"CBG"
"891",0.938967172886034,0.0299990000000001,25.799999,"CBG"
"892",0.658914754221509,0.0999980000000029,25.969999,"CBG"
"893",0.885645009073735,0.16,26.200001,"CBG"
"894",0.229003808053295,-0.0399989999999981,26.26,"CBG"
"895",-0.0761614623000881,-0.120001000000002,26.24,"CBG"
"896",0.266764481707328,0.0599990000000012,26.309999,"CBG"
"897",-0.0380083632842463,-0.120001000000002,26.299999,"CBG"
"898",0.152095062817303,0.0700000000000003,26.34,"CBG"
"899",0.227790432801817,0.0700000000000003,26.4,"CBG"
"900",-0.568181818181813,-0.219999000000001,26.25,"CBG"
"901",-0.228567619047624,-0.100000000000001,26.190001,"CBG"
"902",0,0.110001,26.190001,"CBG"
"903",-0.152733862056745,-0.130001,26.15,"CBG"
"904",0.879537284894849,0.119999,26.379999,"CBG"
"905",-0.682327546714468,-0.0299990000000001,26.200001,"CBG"
"906",0.916030499388143,0.170000999999999,26.440001,"CBG"
"907",0.416028728591958,0.0699989999999993,26.549999,"CBG"
"908",0.0376647848461371,0.0699990000000028,26.559999,"CBG"
"909",-0.225899857902861,-0.100000000000001,26.5,"CBG"
"910",-0.490562264150949,-0.330000000000002,26.370001,"CBG"
"911",0.682586246394155,0.149999000000001,26.549999,"CBG"
"912",-1.01694165788858,-0.129999000000002,26.280001,"CBG"
"913",-3.08219927388891,-0.669999999999998,25.469999,"CBG"
"914",1.53122110448453,0.360001,25.860001,"CBG"
"915",3.05490707444287,0.739999999999998,26.65,"CBG"
"916",0.938086303939963,0.289998999999998,26.9,"CBG"
"917",-0.669148698884748,-0.710000999999998,26.719999,"CBG"
"918",-0.673645234792117,0.0400010000000002,26.540001,"CBG"
"919",-1.2434136682964,-0.270001000000001,26.209999,"CBG"
"920",2.1747501783575,0.390001999999999,26.780001,"CBG"
"921",-0.224055256756701,0.170000000000002,26.719999,"CBG"
"922",-3.25598440329283,0.350000000000001,25.85,"CBG"
"923",1.81818181818181,0.34,26.32,"CBG"
"924",0,0.110001,26.32,"CBG"
"925",0.911850303951371,0.260000000000002,26.559999,"CBG"
"926",0.451811010986855,0.100000000000001,26.68,"CBG"
"927",0.52473763118441,0.300000000000001,26.82,"CBG"
"928",0.708426547352727,0.219999000000001,27.01,"CBG"
"929",0.851536467974813,0.16,27.24,"CBG"
"930",0,0.0899999999999999,27.24,"CBG"
"931",0.403817914831142,0.0699990000000028,27.35,"CBG"
"932",0.329071297989021,0.0900009999999973,27.440001,"CBG"
"933",0.0364431473599493,0.0200010000000006,27.450001,"CBG"
"934",1.49362471790074,0.41,27.860001,"CBG"
"935",-0.825563502312864,-0.34,27.629999,"CBG"
"936",0.687661986524135,0.240000000000002,27.82,"CBG"
"937",0.467293314162473,0.0800000000000018,27.950001,"CBG"
"938",-1.18067974308839,-0.170000000000002,27.620001,"CBG"
"939",1.33960530993464,0.119999,27.99,"CBG"
"940",-1.2504501607717,-0.370001000000002,27.639999,"CBG"
"941",1.51953695801509,0.189998000000003,28.059999,"CBG"
"942",0.106917323838816,-0.119999,28.09,"CBG"
"943",-0.284798860804551,-0.100000999999999,28.01,"CBG"
"944",-0.71403427347376,-0.230001999999999,27.809999,"CBG"
"945",-1.29449123676704,-0.179998000000001,27.450001,"CBG"
"946",-0.765030937521649,-0.319999000000003,27.24,"CBG"
"947",-0.0367107195300955,0.0700000000000003,27.23,"CBG"
"948",-0.146893132574373,-0.199998000000001,27.190001,"CBG"
"949",4.04560485304874,1.020001,28.290001,"CBG"
"950",-2.50972419548519,-0.530001000000002,27.58,"CBG"
"951",0.68890500362582,0.300000999999998,27.77,"CBG"
"952",0.828231904933383,0.0499989999999997,28,"CBG"
"953",-2.50000357142857,-0.700001,27.299999,"CBG"
"954",0.109893776919181,-0.139999000000003,27.33,"CBG"
"955",-2.96377607025247,-0.900000000000002,26.52,"CBG"
"956",-0.71644042232278,-0.180000000000003,26.33,"CBG"
"957",1.97493353589063,0.470001,26.85,"CBG"
"958",2.16014897579143,0.389999,27.43,"CBG"
"959",0.802041560335395,0.0900009999999973,27.65,"CBG"
"960",1.19349005424955,0.330000000000002,27.98,"CBG"
"961",-1.1794138670479,-0.319999000000003,27.65,"CBG"
"962",-0.759490054249547,-0.439998000000003,27.440001,"CBG"
"963",-2.58746710687073,-0.699999999999999,26.73,"CBG"
"964",0.935278713056491,0.340001000000001,26.98,"CBG"
"965",0.926612305411416,0.23,27.23,"CBG"
"966",-1.94637899375689,-0.539998999999998,26.700001,"CBG"
"967",-1.61049057638612,-0.170000999999999,26.27,"CBG"
"968",1.78911305671869,0.270000999999997,26.74,"CBG"
"969",-0.186982049364247,-0.159999000000003,26.690001,"CBG"
"970",0.674409866076812,-0.0299990000000001,26.870001,"CBG"
"971",0.334938580761502,0.279999,26.959999,"CBG"
"972",-1.11275597599243,-0.219999000000001,26.66,"CBG"
"973",0.150041260315079,0.0500010000000017,26.700001,"CBG"
"974",-0.0749101095539307,-0.0399990000000017,26.68,"CBG"
"975",-0.187410044977504,-0.100000999999999,26.629999,"CBG"
"976",-2.06533616467655,-0.520000000000003,26.08,"CBG"
"977",-0.460126533742325,-0.25,25.959999,"CBG"
"978",1.65639451681027,0.309999000000001,26.389999,"CBG"
"979",0.947328569432685,0.239999000000001,26.639999,"CBG"
"980",8.8213254062059,-0.0100000000000016,28.99,"CBG"
"981",-1.69023801310796,-0.389999,28.5,"CBG"
"982",0.736838596491228,0.399999999999999,28.709999,"CBG"
"983",-0.905600867488708,-0.139999,28.450001,"CBG"
"984",0.456938472515337,0.0499989999999997,28.58,"CBG"
"985",-0.944720083974797,-0.280000999999999,28.309999,"CBG"
"986",-0.0353232085949617,-0.0400010000000002,28.299999,"CBG"
"987",1.41343467891996,0.25,28.700001,"CBG"
"988",-0.383278732289941,-0.140000000000001,28.59,"CBG"
"989",0.979366911507515,0.220001,28.870001,"CBG"
"990",-0.0346380313599505,0.010000999999999,28.860001,"CBG"
"991",0.415796936389572,0.0800000000000018,28.98,"CBG"
"992",1.27674258109041,0.360000000000003,29.35,"CBG"
"993",-1.19250425894379,-0.34,29,"CBG"
"994",0.241379310344829,-0.0699989999999993,29.07,"CBG"
"995",-0.17199862401101,-0.0700000000000003,29.02,"CBG"
"996",0.447966919365951,0.010000999999999,29.15,"CBG"
"997",2.22984219554031,0.509998,29.799999,"CBG"
"998",-0.469795317778365,-0.139999,29.66,"CBG"
"999",-0.168573836817261,-0.0799999999999983,29.610001,"CBG"
"1000",0.776761203081349,0.290001,29.84,"CBG"
"1001",1.00535857908847,0.25,30.139999,"CBG"
"1002",0,0.0399989999999981,30.139999,"CBG"
"1003",1.45985738088445,0.530000999999999,30.58,"CBG"
"1004",0.457812295618061,0.139999000000003,30.719999,"CBG"
"1005",-0.683590517043962,-0.259999999999998,30.51,"CBG"
"1006",-0.360537528679131,-0.18,30.4,"CBG"
"1007",0.0657894736842208,0.0900000000000034,30.42,"CBG"
"1008",-0.525969756738988,-0.100000999999999,30.26,"CBG"
"1009",-0.925313945803044,-0.239999000000001,29.98,"CBG"
"1010",1.86791527685123,0.480001999999999,30.540001,"CBG"
"1011",-0.261958079176226,-0.0500010000000017,30.459999,"CBG"
"1012",0.0984931089459281,0.139999999999997,30.49,"CBG"
"1013",-0.0327976385700164,0.010000999999999,30.48,"CBG"
"1014",0.426512467191601,0.010000999999999,30.610001,"CBG"
"1015",1.40476963721759,0.390001000000002,31.040001,"CBG"
"1016",1.38530279042195,0.379999000000002,31.469999,"CBG"
"1017",0.0635557694170789,-0.0100000000000016,31.49,"CBG"
"1018",0.984436328993335,0.449998999999998,31.799999,"CBG"
"1019",0.031446541869393,0.119998000000002,31.809999,"CBG"
"1020",0.56586295397242,0.289998999999998,31.99,"CBG"
"1021",0.156301969365421,0.130000999999996,32.040001,"CBG"
"1022",0.0312047430959914,0.00999800000000306,32.049999,"CBG"
"1023",0.811238714859242,0.359999999999999,32.310001,"CBG"
"1024",0.0619034335529751,-0.0499989999999997,32.330002,"CBG"
"1025",-1.23724706234166,-0.259999000000001,31.93,"CBG"
"1026",0.156592546194803,0.0500000000000007,31.98,"CBG"
"1027",1.65727954971858,0.529998000000003,32.509998,"CBG"
"1028",0.369126445347665,0.409999999999997,32.630001,"CBG"
"1029",-0.245179275354605,-0.0200010000000006,32.549999,"CBG"
"1030",1.10599388958506,0.189998999999993,32.91,"CBG"
"1031",-0.273473108477655,-0.159999999999997,32.82,"CBG"
"1032",0.243759902498478,0,32.900002,"CBG"
"1033",-0.486322158886202,-0.229999000000007,32.740002,"CBG"
"1034",1.09956010387538,0.279997999999999,33.099998,"CBG"
"1035",-0.151054389791805,0.0200000000000031,33.049999,"CBG"
"1036",1.33132530503253,0.280002999999994,33.490002,"CBG"
"1037",-0.238883234465021,-0.0499990000000068,33.41,"CBG"
"1038",0.628551331936556,0.219996999999999,33.619999,"CBG"
"1039",-0.297439033237321,-0.0499999999999972,33.52,"CBG"
"1040",-1.61097852028641,-0.619998000000002,32.98,"CBG"
"1041",-1.42511218920556,-0.589999999999996,32.509998,"CBG"
"1042",-2.64533390620327,-0.890000999999998,31.65,"CBG"
"1043",-2.55924170616113,-0.670000000000002,30.84,"CBG"
"1044",0.356682879377433,0.290001,30.950001,"CBG"
"1045",0.161547652292482,-0.129999000000002,31,"CBG"
"1046",-1.32258064516129,-0.390000000000001,30.59,"CBG"
"1047",-1.24223929388689,-0.18,30.209999,"CBG"
"1048",0.893747133192558,0.0399990000000017,30.48,"CBG"
"1049",0.0656167979002611,-0.0100000000000016,30.5,"CBG"
"1050",1.18033114754099,0.260000999999999,30.860001,"CBG"
"1051",-0.583282547528112,-0.010000999999999,30.68,"CBG"
"1052",1.30378096479791,0.25,31.08,"CBG"
"1053",-0.482625482625478,-0.149999999999999,30.93,"CBG"
"1054",-0.161658583899121,-0.110000999999997,30.879999,"CBG"
"1055",1.78109137892135,0.41,31.43,"CBG"
"1056",1.01813553929367,0.27,31.75,"CBG"
"1057",0.472440944881885,0.149999999999999,31.9,"CBG"
"1058",-0.376172413793103,-0.0800000000000018,31.780001,"CBG"
"1059",-0.84959405759615,-0.209999,31.51,"CBG"
"1060",-0.0317359568391037,-0.280000999999999,31.5,"CBG"
"1061",0.158726984126983,0.0599990000000012,31.549999,"CBG"
"1062",0.412047556641761,0.00999999999999801,31.68,"CBG"
"1063",-0.852272727272726,-0.120000999999998,31.41,"CBG"
"1064",1.17797198344476,0.34,31.780001,"CBG"
"1065",0,-0.0599990000000012,31.780001,"CBG"
"1066",-0.975462524371844,-0.430000999999997,31.469999,"CBG"
"1067",-1.14394029691581,-0.319998999999999,31.110001,"CBG"
"1068",0.707164876015265,0.219998999999998,31.33,"CBG"
"1069",-0.606450686243213,-0.110001,31.139999,"CBG"
"1070",-1.02761403428433,-0.169999999999998,30.82,"CBG"
"1071",-0.940944192083068,-0.139999000000003,30.530001,"CBG"
"1072",0.327540113739279,0.16,30.629999,"CBG"
"1073",-1.92620966131929,-0.449998999999998,30.040001,"CBG"
"1074",0.0665712361327853,0.0599990000000012,30.059999,"CBG"
"1075",0.864940148534266,0.289999000000002,30.32,"CBG"
"1076",-0.494722955145114,-0.169999999999998,30.17,"CBG"
"1077",0.331455087835591,0.0799990000000008,30.27,"CBG"
"1078",0.330363396101747,-0.0299990000000001,30.370001,"CBG"
"1079",-0.658547887436674,-0.0799999999999983,30.17,"CBG"
"1080",-0.729197878687442,-0.109998000000001,29.950001,"CBG"
"1081",-0.434060085674121,-0.0699989999999993,29.82,"CBG"
"1082",-0.335348759221995,0.0100000000000016,29.719999,"CBG"
"1083",0.874835157295931,0.189999,29.98,"CBG"
"1084",0.100066711140764,0.309999000000001,30.01,"CBG"
"1085",-0.899700099966688,-0.260000000000002,29.74,"CBG"
"1086",-1.88298587760591,-0.469999999999999,29.18,"CBG"
"1087",-0.548320767649075,-0.0900010000000009,29.02,"CBG"
"1088",1.92970365265334,0.409999999999997,29.58,"CBG"
"1089",-0.405682893847189,-0.230001999999999,29.459999,"CBG"
"1090",-2.1384895498469,-0.530001000000002,28.83,"CBG"
"1091",2.3239680887964,0.620000999999998,29.5,"CBG"
"1092",-1.35593220338983,-0.359998999999998,29.1,"CBG"
"1093",-2.30240549828179,-0.680001000000001,28.43,"CBG"
"1094",-2.42701371790363,-0.770000000000003,27.74,"CBG"
"1095",3.5688536409517,0.760000999999999,28.73,"CBG"
"1096",-1.21824225548207,-0.0799999999999983,28.379999,"CBG"
"1097",0.810436955970291,0.620001000000002,28.610001,"CBG"
"1098",1.29325056647149,0.119999,28.98,"CBG"
"1099",1.75983436853001,0.539998999999998,29.49,"CBG"
"1100",1.69548999660902,0.319999999999997,29.99,"CBG"
"1101",0.500163387795936,0.159998999999999,30.139999,"CBG"
"1102",1.12807236655848,0.150000000000002,30.48,"CBG"
"1103",0.295275590551181,0.0200010000000006,30.57,"CBG"
"1104",0.130850507033039,0.100000999999999,30.610001,"CBG"
"1105",1.47010122606661,0.309999000000001,31.059999,"CBG"
"1106",-0.998065067548783,-0.57,30.75,"CBG"
"1107",2.34146016260163,-0.220001999999997,31.469999,"CBG"
"1108",1.68414685999831,0.200001,32,"CBG"
"1109",0.968753124999999,0.310001,32.310001,"CBG"
"1110",-0.433311654803106,-0.0600019999999972,32.169998,"CBG"
"1111",-0.279751338498682,-0.209998999999996,32.080002,"CBG"
"1112",-0.872827252317505,-0.330002,31.799999,"CBG"
"1113",0.251572334955111,0.139999000000003,31.879999,"CBG"
"1114",-0.219573407138439,-0.0700000000000003,31.809999,"CBG"
"1115",2.60924245863699,0.729999000000003,32.639999,"CBG"
"1116",0.214460790884216,0.110001000000004,32.709999,"CBG"
"1117",-0.0611433830982481,-0.109999999999999,32.689999,"CBG"
"1118",-0.887112293885355,-0.279997999999999,32.400002,"CBG"
"1119",0.370364174668886,0.200000000000003,32.52,"CBG"
"1120",1.9065159901599,0.639999000000003,33.139999,"CBG"
"1121",-0.663853369458471,-0.280003000000001,32.919998,"CBG"
"1122",0.0911391306888921,0.209999000000003,32.950001,"CBG"
"1123",1.63884972264491,0.190002999999997,33.490002,"CBG"
"1124",0.925640434419809,0.25,33.799999,"CBG"
"1125",-0.857991149644698,-0.310001999999997,33.509998,"CBG"
"1126",0.0895344726669144,0.0800019999999932,33.540001,"CBG"
"1127",0.596305885619981,0.140003999999998,33.740002,"CBG"
"1128",-1.27445457768496,-0.349998999999997,33.310001,"CBG"
"1129",0.0900600393257378,0.180000000000007,33.34,"CBG"
"1130",-1.139775044991,-0.330001999999993,32.959999,"CBG"
"1131",-0.0303337387844067,-0.0499989999999997,32.950001,"CBG"
"1132",-0.121399085845259,-0.0200000000000031,32.91,"CBG"
"1133",0.546946216955354,0.119999,33.09,"CBG"
"1134",1.4203717135086,0.740000999999999,33.560001,"CBG"
"1135",-0.834332513875679,-0.270000000000003,33.279999,"CBG"
"1136",0,-0.139999000000003,33.279999,"CBG"
"1137",-1.47234980385666,-0.32,32.790001,"CBG"
"1138",0.823421749819413,0.109999999999999,33.060001,"CBG"
"1139",-2.69208400810393,-0.720001000000003,32.169998,"CBG"
"1140",2.95306515095214,0.899997999999997,33.119999,"CBG"
"1141",3.71376520874895,0.799999,34.349998,"CBG"
"1142",1.92139749178444,0.419998,35.009998,"CBG"
"1143",0.0856983767893776,0.0300029999999936,35.040001,"CBG"
"1144",-0.142691205973424,-0.119999,34.990002,"CBG"
"1145",-0.171483271135558,-0.0600019999999972,34.93,"CBG"
"1146",0.114517606641866,0.0100020000000001,34.970001,"CBG"
"1147",0.257363447029917,0.0899999999999963,35.060001,"CBG"
"1148",-0.370795768089111,0.0299979999999991,34.93,"CBG"
"1149",-1.94675064414543,-0.729999999999997,34.25,"CBG"
"1150",1.22627153284671,0.159999999999997,34.669998,"CBG"
"1151",-2.1632536581052,-0.390003,33.919998,"CBG"
"1152",-0.766503582930645,-0.380001,33.66,"CBG"
"1153",1.03980392156865,0.119999,34.009998,"CBG"
"1154",2.17583664662373,0.509998000000003,34.75,"CBG"
"1155",-0.287764028776977,-0.209998999999996,34.650002,"CBG"
"1156",-0.432906179918837,-0.290000999999997,34.5,"CBG"
"1157",-1.18840579710144,-0.619999,34.09,"CBG"
"1158",-0.968031680844823,0.0599970000000027,33.759998,"CBG"
"1159",-1.54027260309674,-0.629997000000003,33.240002,"CBG"
"1160",-0.451269527601092,-0.0400009999999966,33.09,"CBG"
"1161",-0.423085524327601,-0.200001,32.950001,"CBG"
"1162",-0.940825464618339,-0.229999999999997,32.639999,"CBG"
"1163",1.43995715195945,0.159999999999997,33.110001,"CBG"
"1164",-0.483237677945092,-0.159999999999997,32.950001,"CBG"
"1165",0.971165372650528,0.340000000000003,33.27,"CBG"
"1166",-0.120228434024666,0.239998,33.23,"CBG"
"1167",-1.53475473969303,-0.770000999999993,32.720001,"CBG"
"1168",0.825186405098195,0.25,32.990002,"CBG"
"1169",-1.97029997148831,-0.43,32.34,"CBG"
"1170",0.711193568336416,0.0799980000000033,32.57,"CBG"
"1171",3.40804421246546,0.849997999999999,33.68,"CBG"
"1172",0.178153206650823,0.220001999999994,33.740002,"CBG"
"1173",3.08238570940215,0.819999999999993,34.779999,"CBG"
"1174",-2.47268839771961,-0.970001000000003,33.919998,"CBG"
"1175",0.324295420064579,0.329997999999996,34.029999,"CBG"
"1176",1.67498976417837,0.299999,34.599998,"CBG"
"1177",0.346829499816746,0.110000000000007,34.720001,"CBG"
"1178",1.18087554202546,0.409999999999997,35.130001,"CBG"
"1179",-0.483922559523971,-0.0400009999999966,34.959999,"CBG"
"1180",-0.543475416003302,-0.259998999999993,34.77,"CBG"
"1181",0.661489790048884,0.340000000000003,35,"CBG"
"1182",-1.25714,-0.209999000000003,34.560001,"CBG"
"1183",0.578695006403511,0.299999,34.759998,"CBG"
"1184",0.373995993900805,0.0799980000000033,34.889999,"CBG"
"1185",-0.630556051320046,-0.190002999999997,34.669998,"CBG"
"1186",0.317280087526965,0.110000999999997,34.779999,"CBG"
"1187",-0.920069031629337,-0.229999999999997,34.459999,"CBG"
"1188",-0.580385971572432,-0.130001,34.259998,"CBG"
"1189",1.60537954497253,0.550002999999997,34.810001,"CBG"
"1190",-0.948006292789256,-0.159999000000006,34.48,"CBG"
"1191",-0.783065545243601,-0.220000999999996,34.209999,"CBG"
"1192",0.93539903348139,0.209998999999996,34.529999,"CBG"
"1193",0.376487123558851,0.259997999999996,34.66,"CBG"
"1194",0.605882862088873,0.169998,34.869999,"CBG"
"1195",-2.15084606110829,-0.530003000000001,34.119999,"CBG"
"1196",0.0586166488457492,-0.0200009999999935,34.139999,"CBG"
"1197",2.48975695634904,0.640003999999998,34.990002,"CBG"
"1198",-1.2860845220872,-0.399998000000004,34.540001,"CBG"
"1199",1.36073244468061,0.269996000000006,35.009998,"CBG"
"1200",-0.228500441502463,0.0800020000000004,34.93,"CBG"
"1201",2.51932722588033,0.950000000000003,35.810001,"CBG"
"1202",-0.19547332601304,0,35.740002,"CBG"
"1203",2.93788176061098,0.940002999999997,36.790001,"CBG"
"1204",-0.570804550943057,-0.189998000000003,36.580002,"CBG"
"1205",-1.42154448214628,-0.379998000000001,36.060001,"CBG"
"1206",-1.58069601828353,-0.629997000000003,35.490002,"CBG"
"1207",0.450831194655903,0.280003000000001,35.650002,"CBG"
"1208",0.785408090580189,0.25,35.93,"CBG"
"1209",1.33593097689952,0.25,36.41,"CBG"
"1210",6.31694314748697,1.82,38.709999,"CBG"
"1211",0.310005174632004,0.0200010000000006,38.830002,"CBG"
"1212",0.154511967318474,0.0999980000000065,38.889999,"CBG"
"1213",0.0771380837525775,0.119999,38.919998,"CBG"
"1214",-1.46454272685215,-0.480004000000001,38.349998,"CBG"
"1215",0.208610180370806,-0.0600019999999972,38.43,"CBG"
"1216",0.572474629195943,0.310001999999997,38.650002,"CBG"
"1217",-0.362235427568665,-0.300002999999997,38.509998,"CBG"
"1218",0.181781364932809,0.0900000000000034,38.580002,"CBG"
"1219",-0.673929462212055,-0.290000999999997,38.32,"CBG"
"1220",0.234864300626295,-0.110000000000007,38.41,"CBG"
"1221",1.22364228065609,0.75,38.880001,"CBG"
"1222",-1.18313525763541,-0.170002000000004,38.419998,"CBG"
"1223",0.312345149002863,-0.0400010000000037,38.540001,"CBG"
"1224",-0.544885818762683,-0.32,38.330002,"CBG"
"1225",0,-0.0599970000000027,38.330002,"CBG"
"1226",-0.260897455731945,0.0600019999999972,38.23,"CBG"
"1227",0.680099398378237,0.159999999999997,38.490002,"CBG"
"1228",-0.337752645479208,-0.259998000000003,38.360001,"CBG"
"1229",0.782062023408184,0.240001999999997,38.66,"CBG"
"1230",-0.18106570098291,-0.409999999999997,38.59,"CBG"
"1231",-0.647836227001814,-0.209998999999996,38.34,"CBG"
"1232",0.443395931142409,-0.130001,38.509998,"CBG"
"1233",0.181781364932809,0,38.580002,"CBG"
"1234",-3.3696291669451,-1.030002,37.279999,"CBG"
"1235",-1.099785437226,-0.420001999999997,36.869999,"CBG"
"1236",0.379709801456743,0.0900000000000034,37.009998,"CBG"
"1237",1.45906789835546,-0.0300030000000007,37.549999,"CBG"
"1238",2.07723840418744,0.900002000000001,38.330002,"CBG"
"1239",-1.98278622578731,-0.470000999999996,37.57,"CBG"
"1240",0.0798456215065187,0.0299979999999991,37.599998,"CBG"
"1241",2.44681395993692,0.590000000000003,38.52,"CBG"
"1242",0.12980269989615,-0.0999979999999994,38.57,"CBG"
"1243",0.388905885403171,0.290001000000004,38.720001,"CBG"
"1244",-0.0774845021310903,-0.0500029999999967,38.689999,"CBG"
"1245",-0.025843887977357,-0.119999,38.68,"CBG"
"1246",-1.11168562564633,-0.389999000000003,38.25,"CBG"
"1247",0.104577777777769,0.0800019999999932,38.290001,"CBG"
"1248",0.182815351715453,0.130001,38.360001,"CBG"
"1249",0.651720525241905,0.100002999999994,38.610001,"CBG"
"1250",-0.751103321649737,-0.170001999999997,38.32,"CBG"
"1251",-0.20876304801671,-0.129997000000003,38.240002,"CBG"
"1252",0.627609799811203,0.119999,38.48,"CBG"
"1253",-0.103952702702694,0.209999000000003,38.439999,"CBG"
"1254",-0.754414691842213,-0.259997999999996,38.150002,"CBG"
"1255",-0.629100884450816,-0.0900000000000034,37.91,"CBG"
"1256",-1.29254022685307,-0.230004000000001,37.419998,"CBG"
"1257",-1.52324968055851,-0.680000999999997,36.849998,"CBG"
"1258",-0.678426088381334,-0.300004000000001,36.599998,"CBG"
"1259",1.36612029323062,0.419998,37.099998,"CBG"
